4.999999950079739852e-01 2.799263972052002444e-03
5.026561494002576014e-01 2.820070393257792692e-03
5.053264141049929048e-01 2.841012308511345775e-03
5.080108640805183207e-01 2.862090027306193191e-03
5.107095746833729688e-01 2.883304874436723713e-03
5.134226216704131929e-01 2.904656649897818972e-03
5.161500812009390815e-01 2.926146685042576613e-03
5.188920298388336461e-01 2.947775807879548984e-03
5.216485445547095479e-01 2.969544329460308170e-03
5.244197027280715906e-01 2.991453603308171470e-03
5.272055821494878725e-01 3.013503944332979710e-03
5.300062610227755933e-01 3.035696191015972191e-03
5.328218179671931898e-01 3.058031719364563260e-03
5.356523320196493465e-01 3.080510314480734268e-03
5.384978826369208882e-01 3.103132820542806643e-03
5.413585496978848832e-01 3.125901169135983371e-03
5.442344135057582966e-01 3.148815142629211080e-03
5.471268145949504946e-01 3.171882902957963175e-03
5.500333212074142164e-01 3.195090759695032832e-03
5.529552680806418818e-01 3.218447384189436055e-03
5.558927372380672027e-01 3.241952546253977149e-03
5.588458111388572291e-01 3.265607673548556571e-03
5.618145726802290518e-01 3.289413648565860018e-03
5.647991051997738321e-01 3.313370793891160220e-03
5.677994924777982622e-01 3.337480560624592196e-03
5.708158187396754624e-01 3.361743275147607325e-03
5.738481686582114216e-01 3.386159830529361561e-03
5.768966273560180991e-01 3.410731124737386832e-03
5.799612804079063988e-01 3.435458060662993467e-03
5.830422138432856949e-01 3.460341546146768459e-03
5.861395141485824523e-01 3.485381907864710995e-03
5.892532682696638435e-01 3.510580643545006038e-03
5.923835636142807948e-01 3.535938083597205735e-03
5.955304880545205792e-01 3.561455146425865619e-03
5.986941299292761753e-01 3.587133354107731580e-03
6.018745780467220641e-01 3.612973042695592947e-03
6.050719216868097883e-01 3.638974540583154744e-03
6.082862506037729489e-01 3.665139993220445976e-03
6.115176550286494095e-01 3.691469130816293735e-03
6.147662256718099405e-01 3.717962892332525148e-03
6.180320537255077351e-01 3.744622839791950358e-03
6.213152308664366963e-01 3.771449932088972914e-03
6.246158492583073762e-01 3.798443884070383178e-03
6.279340015544307985e-01 3.825606900984168841e-03
6.312697809003213756e-01 3.852938694710808173e-03
6.346232809363108185e-01 3.880441494058647824e-03
6.379945958001790318e-01 3.908115007903875671e-03
6.413838201297928920e-01 3.935960847475896383e-03
6.447910490657656757e-01 3.963979997968459894e-03
6.482163782541267016e-01 3.992172801619203737e-03
6.516614043531141487e-01 4.020549501484769507e-03
6.551232309905856699e-01 4.049092638607811392e-03
6.586034479202970138e-01 4.077813059763998882e-03
6.621021528371614506e-01 4.106710452343537154e-03
6.656194439550759956e-01 4.135787143467671914e-03
6.691554200096806460e-01 4.165042817118015488e-03
6.727101802611290537e-01 4.194479152413290411e-03
6.762838244968775170e-01 4.224097171728126085e-03
6.798764530344819645e-01 4.253897222944952837e-03
6.834881667244169234e-01 4.283881011886292965e-03
6.871190669529059214e-01 4.314048889982075030e-03
6.907692556447664334e-01 4.344401890293944808e-03
6.944388352662743680e-01 4.374941051257128996e-03
6.981279088280358813e-01 4.405668114834089891e-03
7.018365798878822837e-01 4.436582737737460209e-03
7.055649525537748268e-01 4.467686669117180293e-03
7.093131314867309190e-01 4.498980969161701926e-03
7.130812219037575561e-01 4.530466703563011156e-03
7.168693295808075128e-01 4.562144226673656155e-03
7.206775608557471902e-01 4.594014603847147195e-03
7.245060226313452256e-01 4.626080354910556969e-03
7.283548223782682074e-01 4.658340394194334690e-03
7.322240681381009253e-01 4.690797256476482435e-03
7.361138685263777237e-01 4.723450568614080865e-03
7.400243327356343936e-01 4.756302891966788203e-03
7.439555705384691686e-01 4.789354592944226711e-03
7.479076922906265912e-01 4.822606775797649327e-03
7.518808089340943690e-01 4.856060550422104313e-03
7.558750320002211032e-01 4.889716276507766884e-03
7.598904736128412329e-01 4.923575823160575640e-03
7.639272464914270699e-01 4.957640317301497714e-03
7.679854639542503802e-01 4.991910123615410887e-03
7.720652399215671702e-01 5.026387140374737224e-03
7.761666889188105767e-01 5.061071735597306477e-03
7.802917227658289212e-01 5.095976780834164145e-03
7.844368733805883176e-01 5.131080032469766128e-03
7.886040443155917234e-01 5.166395081793489358e-03
7.927933525495809430e-01 5.201922303480954225e-03
7.970049156827242465e-01 5.237662858303676096e-03
8.012388519399206155e-01 5.273617111624875550e-03
8.054952801741139812e-01 5.309787834124871445e-03
8.097743198696324418e-01 5.346174597366906353e-03
8.140760911455412474e-01 5.382780200850532590e-03
8.184007147590171005e-01 5.419603392468584808e-03
8.227483121087341145e-01 5.456647810533788757e-03
8.271190052382744184e-01 5.493913015925812326e-03
8.315129168395524184e-01 5.531400203555071789e-03
8.359301702562623726e-01 5.569111410166673916e-03
8.403708894873357371e-01 5.607047855828237691e-03
8.448351991904258229e-01 5.645209077035206330e-03
8.493232246854045542e-01 5.683597977797404111e-03
8.538350919578845399e-01 5.722214942581510880e-03
8.583709276627501383e-01 5.761062060632649029e-03
8.629308591277166096e-01 5.800138856706258707e-03
8.675150143569024808e-01 5.839447427664685129e-03
8.721235220344261130e-01 5.878989894775198642e-03
8.767565115280133714e-01 5.918765773710758966e-03
8.814141128926318292e-01 5.958777193443702200e-03
8.860964568741408476e-01 5.999025421628515799e-03
8.908036749129643050e-01 6.039511732143960920e-03
8.955358991477758712e-01 6.080237405120227784e-03
9.002932624192117039e-01 6.121202826672973198e-03
9.050758982735971347e-01 6.162410180245201687e-03
9.098839409666997780e-01 6.203859854925366547e-03
9.147175254674925204e-01 6.245554056263219293e-03
9.195767874619461546e-01 6.287494095902986316e-03
9.244618633568372212e-01 6.329680367442525046e-03
9.293750302462031598e-01 6.372128853003827635e-03
9.343121574328300261e-01 6.414812556560370478e-03
9.392755121638417526e-01 6.457746450800355698e-03
9.442652337680562669e-01 6.500932808865546655e-03
9.492814623144459896e-01 6.544372031795273568e-03
9.543243386160742414e-01 6.588064507039772394e-03
9.593940042340455276e-01 6.632014445796737510e-03
9.644906014814838002e-01 6.676220339795055879e-03
9.696142734275214892e-01 6.720684504565359318e-03
9.747651639013189540e-01 6.765409282610790678e-03
9.799434174961019206e-01 6.810394103876311195e-03
9.851491795732190138e-01 6.855642304009055242e-03
9.903825962662256011e-01 6.901154295824424474e-03
9.956438144849815153e-01 6.946930477901423762e-03
1.000932981919777420e+00 6.992974237131320547e-03
1.006250247045479496e+00 7.039284984471721844e-03
1.011595759125702099e+00 7.085865129798016304e-03
1.016969668216989975e+00 7.132716094094829033e-03
1.022372125173035995e+00 7.179839305127932829e-03
1.027803281648913103e+00 7.227236197472393202e-03
1.033263290105336685e+00 7.274908212540834827e-03
1.038752303812936706e+00 7.322855759859425891e-03
1.044270476856565155e+00 7.371081322316890005e-03
1.049817964139619919e+00 7.419586361920835031e-03
1.055394921388395968e+00 7.468371292234732631e-03
1.061001505156451641e+00 7.517438633378141152e-03
1.066637872829007128e+00 7.566789868207727046e-03
1.072304182627360047e+00 7.616425414312388668e-03
1.078000593613333002e+00 7.666347829561948220e-03
1.083727265693729125e+00 7.716558617918440471e-03
1.089484359624828036e+00 7.767058200982396819e-03
1.095272037016894906e+00 7.817849174899747441e-03
1.101090460338722155e+00 7.868931963906073898e-03
1.106942341748183400e+00 7.920327427136096901e-03
1.112822761332970867e+00 7.971999636017728513e-03
1.118734419522688928e+00 8.023969357411011097e-03
1.124677482266452699e+00 8.076238145474012517e-03
1.130652116394952778e+00 8.128805300387649882e-03
1.136658489625133939e+00 8.181675764931140363e-03
1.142696770564908926e+00 8.234848847863098648e-03
1.148767128717884223e+00 8.288326114521316415e-03
1.154869734488123134e+00 8.342110292365931615e-03
1.161004759184926183e+00 8.396201818668676958e-03
1.167172375027646591e+00 8.450603447880665822e-03
1.173372755150515090e+00 8.505315619847799227e-03
1.179606073607506689e+00 8.560341116259922653e-03
1.185872505377223884e+00 8.615680379524467969e-03
1.192172226367812726e+00 8.671335026647642927e-03
1.198505413421894428e+00 8.727307880596299125e-03
1.204872244321533836e+00 8.783600592416593994e-03
1.211272897793227443e+00 8.840212398325048362e-03
1.217707553512926477e+00 8.897148579345804525e-03
1.224176392111072431e+00 8.954407156438548912e-03
1.230679595177672114e+00 9.011993464615963151e-03
1.237217345267394020e+00 9.069905501464631606e-03
1.243789825904696666e+00 9.128147412728226245e-03
1.250397221588974261e+00 9.186720903697501162e-03
1.257039717799738776e+00 9.245626430554786113e-03
1.263717501001826227e+00 9.304865694451536912e-03
1.270430758650635150e+00 9.364441674751488448e-03
1.277179679197380846e+00 9.424354831265925256e-03
1.283964452094391362e+00 9.484608172652158470e-03
1.290785267800422575e+00 9.545203451937257083e-03
1.297642317786009691e+00 9.606139834982832526e-03
1.304535794538835169e+00 9.667422963332766156e-03
1.311465891569136843e+00 9.729052012106411546e-03
1.318432803415137800e+00 9.791028745988111792e-03
1.325439777582867906e+00 9.853378951341031436e-03
1.332480923027035580e+00 9.916059197944438255e-03
1.339559473210371499e+00 9.979092501143278088e-03
1.346675626838405249e+00 1.004248065813317416e-02
1.353829583672246706e+00 1.010622818191704575e-02
1.361021544534200878e+00 1.017033420712611276e-02
1.368251711313400065e+00 1.023480055572162893e-02
1.375520286971479322e+00 1.029963043342705005e-02
1.382827475548263685e+00 1.036482570063979904e-02
1.390173482167502250e+00 1.043038822629384008e-02
1.397558513042625572e+00 1.049631849033422042e-02
1.404982775482531698e+00 1.056261976157718552e-02
1.412446477897411068e+00 1.062929252220011500e-02
1.419949829804590280e+00 1.069634149288482827e-02
1.427493041834417831e+00 1.076376575314923201e-02
1.435076325736173608e+00 1.083156863604869090e-02
1.442699894384020576e+00 1.089975207095997267e-02
1.450363961782969335e+00 1.096831799606127339e-02
1.458068743074893758e+00 1.103726690029718446e-02
1.465814454544565271e+00 1.110660218212726306e-02
1.473601313625732434e+00 1.117632727981440234e-02
1.481429538907213628e+00 1.124644122758154847e-02
1.489299350139040579e+00 1.131694747381054543e-02
1.497210968238622764e+00 1.138784801007266222e-02
1.505164615296956887e+00 1.145914483697725236e-02
1.513160514584849903e+00 1.153084147736643805e-02
1.521198890559194883e+00 1.160293693174580497e-02
1.529279968869266870e+00 1.167543473320942736e-02
1.537403976363064029e+00 1.174833845626626488e-02
1.545571141093667666e+00 1.182164708059052320e-02
1.553781692325647779e+00 1.189536574480377050e-02
1.562035860541497234e+00 1.196949497647193869e-02
1.570333877448108595e+00 1.204403842021396082e-02
1.578679611023222185e+00 1.211902293238858140e-02
1.587066044672607035e+00 1.219439811857293485e-02
1.595497029647584997e+00 1.227019224346316724e-02
1.603972802618555349e+00 1.234640902306644895e-02
1.612493601513184993e+00 1.242304737948354831e-02
1.621059665523084226e+00 1.250011428138308317e-02
1.629671235110528249e+00 1.257760866170607936e-02
1.638328552015197559e+00 1.265553267093826907e-02
1.647031859260969400e+00 1.273389011623186733e-02
1.655781401162737865e+00 1.281268153784463799e-02
1.664577423333277517e+00 1.289191077998984997e-02
1.673420172690129659e+00 1.297158005857410208e-02
1.682309897462538784e+00 1.305168991725427947e-02
1.691246847198418557e+00 1.313224425653169644e-02
1.700231272771363322e+00 1.321324362223501130e-02
1.709263426387680029e+00 1.329469366202903555e-02
1.718343561593475233e+00 1.337659323277070461e-02
1.727471933281769401e+00 1.345894631124605785e-02
1.736648797699657631e+00 1.354175518429956773e-02
1.745874412455494573e+00 1.362502214910423642e-02
1.755149036526131523e+00 1.370874951320063574e-02
1.764472930264182393e+00 1.379293959453595057e-02
1.773846355405340525e+00 1.387759472150319924e-02
1.783269575075714819e+00 1.396271723298040876e-02
1.792742853799222491e+00 1.404831127111286042e-02
1.802266457505012465e+00 1.413437561990467904e-02
1.811840653534936507e+00 1.422091624503598641e-02
1.821465710651043235e+00 1.430793373512901853e-02
1.831141899043130294e+00 1.439543048223261568e-02
1.840869490336325187e+00 1.448340888911910443e-02
1.850648757598717165e+00 1.457187321997299376e-02
1.860479975349012660e+00 1.466082592862699013e-02
1.870363419564247343e+00 1.475026573934372018e-02
1.880303697241810346e+00 1.484023488045897905e-02
1.890292451190050516e+00 1.493066395496973377e-02
1.900334268484166644e+00 1.502158939509520841e-02
1.910429431013037638e+00 1.511301559071078458e-02
1.920578222163030091e+00 1.520494506275716327e-02
1.930780926825939492e+00 1.529738034358738182e-02
1.941037831406997372e+00 1.539032203597258223e-02
1.951349223832905544e+00 1.548377461563629071e-02
1.961715393559927856e+00 1.557774064926597743e-02
1.972136631582003030e+00 1.567222271513502019e-02
1.982613230438921681e+00 1.576722340314667264e-02
1.993145484224536412e+00 1.586274531487812112e-02
2.003733688595013884e+00 1.595879306735827063e-02
2.014378140777144832e+00 1.605536528882176364e-02
2.025079139576675402e+00 1.615246660927857278e-02
2.035836985386699105e+00 1.625010171328126335e-02
2.046651980196091181e+00 1.634827124723409533e-02
2.057524427597989369e+00 1.644697788386102408e-02
2.068454632798307546e+00 1.654622430787226067e-02
2.079442902624308420e+00 1.664601529545208652e-02
2.090489545533213533e+00 1.674635358855791969e-02
2.101594871620871885e+00 1.684723984002565664e-02
2.112759192630449867e+00 1.694867678331464164e-02
2.123982821961193146e+00 1.705066928808118137e-02
2.135266074677217851e+00 1.715322014610804607e-02
2.146609267516364827e+00 1.725633001523341897e-02
2.158012718899078308e+00 1.736000599443322107e-02
2.169476748937350763e+00 1.746424660888744665e-02
2.181001679443708596e+00 1.756905684775711407e-02
2.192587833940249809e+00 1.767443956645318309e-02
2.204235537667716738e+00 1.778039542905943127e-02
2.215945117594633640e+00 1.788693171361447481e-02
2.227716902426478018e+00 1.799404912181451141e-02
2.239551222614921677e+00 1.810175056100053748e-02
2.251453594524605695e+00 1.821008313328621731e-02
2.263414011352255617e+00 1.831896167160558184e-02
2.275437965607922219e+00 1.842843531863964934e-02
2.287525794822044656e+00 1.853850478320035258e-02
2.299677838318128220e+00 1.864917533853922837e-02
2.311894437222268728e+00 1.876044769634384324e-02
2.324175934472735960e+00 1.887232485715015923e-02
2.336522674829585533e+00 1.898481217147769337e-02
2.348935004884348920e+00 1.909791270407198288e-02
2.361413273069754570e+00 1.921162717222339722e-02
2.373957829669522290e+00 1.932596100497241051e-02
2.386569026828178508e+00 1.944091730890250974e-02
2.399247218560953687e+00 1.955649920471775466e-02
2.411992760763713051e+00 1.967270741530480552e-02
2.424806011222959246e+00 1.978954990094584920e-02
2.437687329625857657e+00 1.990702742578876264e-02
2.450637077570348321e+00 2.002514071693249978e-02
2.463655618575286255e+00 2.014389785476505476e-02
2.476743318090660395e+00 2.026329960818315512e-02
2.489900543507834296e+00 2.038334919827851366e-02
2.503127664169870314e+00 2.050404986070647473e-02
2.516425051381891986e+00 2.062540736216706555e-02
2.529793078421520125e+00 2.074742247792215818e-02
2.543232120549332009e+00 2.087010103109985040e-02
2.556742555019408947e+00 2.099344380017502745e-02
2.570324761089917587e+00 2.111745666522058321e-02
2.583979120033772059e+00 2.124214040787371360e-02
2.597706015149315650e+00 2.136750096567310159e-02
2.611505831771094854e+00 2.149353912336560146e-02
2.625378957280668057e+00 2.162026350185994664e-02
2.639325781117494163e+00 2.174767229147301500e-02
2.653346694789844751e+00 2.187577419982426885e-02
2.667442091885808164e+00 2.200456739278288526e-02
2.681618542732105759e+00 2.213410894951476846e-02
2.695864128615748534e+00 2.226430072862933818e-02
2.710185391451177317e+00 2.239519961370652068e-02
2.724582733257730371e+00 2.252680644525118306e-02
2.739056558190402946e+00 2.265912476139904028e-02
2.753607272551179097e+00 2.279215811636061892e-02
2.768235284800447893e+00 2.292591008048408194e-02
2.782941005568462245e+00 2.306038702325915318e-02
2.797724847666878123e+00 2.319559259184982014e-02
2.812587226100327964e+00 2.333152763763098048e-02
2.827528558078077126e+00 2.346819862413511426e-02
2.842549263025734518e+00 2.360560640633638935e-02
2.857649762597035181e+00 2.374375751110651203e-02
2.872830480685661048e+00 2.388265566979641888e-02
2.888091843437150086e+00 2.402230463089193024e-02
2.903434279260857842e+00 2.416270525664813637e-02
2.918858218841979379e+00 2.430386712147130507e-02
2.934364095153651153e+00 2.444578820320813042e-02
2.949952343469088412e+00 2.458847817271166830e-02
2.965623401373814527e+00 2.473193794631637840e-02
2.981377708777939617e+00 2.487617137676451790e-02
2.997215707928520878e+00 2.502118233441781928e-02
3.013137843421959783e+00 2.516697470732738584e-02
3.029144562216493863e+00 2.531355543044858797e-02
3.045236313644738235e+00 2.546092847569754805e-02
3.061413549426311054e+00 2.560909171057702133e-02
3.077676723680493609e+00 2.575805827935690601e-02
3.094026292938994782e+00 2.590782606989838061e-02
3.110462716158755025e+00 2.605839907865455454e-02
3.126986454734848486e+00 2.620978444725591272e-02
3.143597972513409111e+00 2.636198940204139904e-02
3.160297735804670882e+00 2.651500861382194429e-02
3.177086213396047576e+00 2.666885563393688735e-02
3.193971230947384221e+00 2.682359322188616890e-02
3.210938592544604120e+00 2.697910236733071926e-02
3.227996090006783891e+00 2.713544865549050167e-02
3.245144202163483538e+00 2.729263628345554929e-02
3.262383410387940774e+00 2.745066946764384078e-02
3.279714198610602871e+00 2.760955244387966120e-02
3.297137053332698908e+00 2.776929276460900209e-02
3.314652463639915059e+00 2.792989144259801215e-02
3.332260921216100513e+00 2.809135610490135285e-02
3.349962920357084428e+00 2.825368776917926150e-02
3.367758957984544832e+00 2.841689077003382510e-02
3.385649533659971233e+00 2.858097623325074957e-02
3.403635149598668530e+00 2.874593843028919182e-02
3.421716310683866613e+00 2.891179196712333546e-02
3.439893524480888143e+00 2.907853448793887990e-02
3.458167301251410031e+00 2.924617388659963776e-02
3.476538153967766220e+00 2.941471467420710834e-02
3.495006598327362823e+00 2.958416487782863577e-02
3.513573152767142993e+00 2.975452207912406347e-02
3.532238338478161932e+00 2.992579432887129687e-02
3.551002679420188546e+00 3.009798622252973094e-02
3.569866702336433661e+00 3.027110237686595970e-02
3.588830936768325763e+00 3.044515101887235523e-02
3.607895915070391979e+00 3.062013325749228521e-02
3.627062172425181696e+00 3.079605377424493931e-02
3.646330246858300761e+00 3.097292091864155619e-02
3.665700679253510952e+00 3.115073580802433725e-02
3.685174013367925827e+00 3.132950687464742395e-02
3.704750795847254974e+00 3.150923894625252963e-02
3.724431576241160613e+00 3.168993314879484102e-02
3.744216907018679930e+00 3.187159429604564248e-02
3.764107343583747323e+00 3.205423475219673635e-02
3.784103444290763285e+00 3.223785192729119314e-02
3.804205770460283187e+00 3.242245450683273189e-02
3.824423692445611866e+00 3.260812636254362823e-02
3.844740212225739029e+00 3.279471511737482720e-02
3.865164659633443467e+00 3.298230424204195294e-02
3.885697608013610971e+00 3.317089877091351086e-02
3.906339633756924723e+00 3.336050766820970737e-02
3.927091316316019931e+00 3.355113215058513204e-02
3.947953238221770356e+00 3.374277732357060244e-02
3.968925985099625020e+00 3.393544831650754934e-02
3.990010145686071930e+00 3.412915427265781482e-02
4.011206311845135986e+00 3.432389642166513988e-02
4.032515078585010571e+00 3.451968399775409008e-02
4.053937044074751306e+00 3.471651823717596813e-02
4.075472809661085272e+00 3.491440846598132391e-02
4.097122979885269523e+00 3.511336002411576812e-02
4.118888162500071282e+00 3.531337827673393381e-02
4.140768968486828960e+00 3.551446447353846791e-02
4.162766012072601107e+00 3.571662812720118735e-02
4.184879910747417497e+00 3.591987467880267820e-02
4.207111285281598612e+00 3.612420959506418283e-02
4.229460759743191467e+00 3.632963836845722050e-02
4.251928961515475613e+00 3.653616651731345089e-02
4.274516521314605910e+00 3.674379958593512741e-02
4.297224073207276618e+00 3.695254744192959934e-02
4.320052254628547139e+00 3.716240711025241977e-02
4.343001706399723716e+00 3.737339283130166473e-02
4.366073072746367245e+00 3.758551032358693755e-02
4.389267001316349059e+00 3.779875655434691839e-02
4.412584143198053255e+00 3.801315039458626893e-02
4.436025152938636751e+00 3.822868440646638027e-02
4.459590688562434124e+00 3.844537765527037548e-02
4.483281411589388199e+00 3.866322710040055732e-02
4.507097987053646726e+00 3.888224306063121916e-02
4.531041083522221236e+00 3.910242691564733142e-02
4.555121861657392301e+00 3.932387963364906980e-02
4.579320075779444998e+00 3.954642660078166311e-02
4.603646838288228516e+00 3.977016384883103051e-02
4.628102832072481299e+00 3.999509740127848295e-02
4.652688743648647929e+00 4.022123331019303999e-02
4.677405263180160588e+00 4.044857765635570535e-02
4.702253084496810231e+00 4.067714125163707228e-02
4.727232905114241213e+00 4.090692085508987330e-02
4.752345426253499205e+00 4.113793206413149384e-02
4.777591352860739882e+00 4.137017637378795354e-02
4.802971393627005980e+00 4.160366001068049879e-02
4.828486261008136715e+00 4.183839405938575423e-02
4.854136671244747347e+00 4.207438002840493269e-02
4.879923344382345540e+00 4.231162423355769309e-02
4.905847004291541857e+00 4.255014283221305454e-02
4.931908378688380168e+00 4.278993249258177672e-02
4.958108199154747098e+00 4.303099962126712835e-02
4.984447201158921814e+00 4.327335563956857811e-02
5.010926124076211963e+00 4.351700709415443763e-02
5.037545711209729937e+00 4.376196056304701432e-02
5.064306709811231322e+00 4.400822265576113945e-02
5.091209871102106987e+00 4.425579492223359612e-02
5.118255950294462231e+00 4.450469419075617911e-02
5.145445706612338910e+00 4.475492210185151587e-02
5.172779903312995309e+00 4.500648021962147527e-02
5.200259307708352985e+00 4.525938563122226116e-02
5.227884691186527988e+00 4.551363999261905796e-02
5.255656829233501526e+00 4.576925539335799376e-02
5.283576501454859908e+00 4.602622821655556057e-02
5.311644491597704132e+00 4.628457590101712343e-02
5.339861587572632295e+00 4.654430546357905124e-02
5.368228581475884553e+00 4.680541858680221240e-02
5.396746269611545799e+00 4.706792227002907364e-02
5.425427945009041686e+00 4.733193795705776391e-02
5.454249493829104622e+00 4.759724998583084871e-02
5.483224151617679176e+00 4.786397931790404431e-02
5.512352731736889666e+00 4.813213317476874864e-02
5.541636051869690327e+00 4.840171881278788196e-02
5.571074934042830940e+00 4.867273795227785443e-02
5.600670204649909500e+00 4.894520903237035286e-02
5.630422694474584766e+00 4.921912824292680455e-02
5.660333238713891824e+00 4.949450855197166238e-02
5.690402677001703324e+00 4.977135739211319132e-02
5.720631853432275093e+00 5.004968223177819198e-02
5.751021616583950724e+00 5.032949057537278864e-02
5.781572819542984298e+00 5.061079574501638895e-02
5.812286319927502554e+00 5.089359378512608306e-02
5.843162979911547872e+00 5.117790390320135774e-02
5.874203666249301570e+00 5.146373384230748527e-02
5.905409250299412882e+00 5.175107957247260249e-02
5.936780608049450514e+00 5.203996059783116274e-02
5.968318620140516728e+00 5.233037880599478858e-02
6.000024171891935154e+00 5.262234799609746133e-02
6.031898153326123335e+00 5.291587610033209738e-02
6.063941459193568306e+00 5.321096502559437974e-02
6.096154988997965596e+00 5.350762268490213275e-02
6.128539647021432835e+00 5.380586928632419275e-02
6.161096342349920540e+00 5.410570069213881117e-02
6.193825988898718826e+00 5.440713112465133533e-02
6.226729505438137302e+00 5.471016252281131476e-02
6.259807815619255145e+00 5.501481551238726619e-02
6.293061847999881664e+00 5.532109214483029586e-02
6.326492536070603911e+00 5.562899437899715416e-02
6.360100818281017254e+00 5.593854315986893089e-02
6.393887638066034107e+00 5.624973416653780006e-02
6.427853943872388953e+00 5.656258855947707970e-02
6.462000689185253499e+00 5.687710842605699091e-02
6.496343790922177952e+00 5.719343394733897995e-02
6.530854375454818062e+00 5.751131099971204530e-02
6.565548290870656167e+00 5.783088568428879778e-02
6.600426511079973579e+00 5.815216011786460137e-02
6.635490015166749522e+00 5.847514295532672823e-02
6.670739787416163580e+00 5.879984956424021830e-02
6.706176817342215379e+00 5.912628208369293675e-02
6.741802099715528129e+00 5.945445603732511103e-02
6.777616634591234757e+00 5.978437357931726259e-02
6.813621427337076319e+00 6.011605039092368652e-02
6.849817488661610554e+00 6.044949549127145300e-02
6.886205834642613155e+00 6.078471105753621012e-02
6.922787486755555442e+00 6.112171301060149303e-02
6.959563471902312948e+00 6.146051050239137448e-02
6.996534822439969048e+00 6.180111272969895930e-02
7.033702576209831747e+00 6.214352190069209053e-02
7.071067776566520635e+00 6.248776133256710857e-02
7.108631472407282992e+00 6.283382625280901912e-02
7.146394718201425356e+00 6.318174021927548678e-02
7.184358574019944932e+00 6.353149840081559474e-02
7.222524105565239161e+00 6.388312459838706159e-02
7.260892384201052430e+00 6.423662118234459151e-02
7.299464486982540024e+00 6.459199771599621887e-02
7.338241496686524812e+00 6.494926380942411814e-02
7.377224501841856075e+00 6.530843649692492925e-02
7.416414596759992151e+00 6.566951818393375329e-02
7.455812881565698547e+00 6.603251862277983997e-02
7.495420462227973424e+00 6.639744761344121282e-02
7.535238450591037029e+00 6.676432253900274616e-02
7.575267964405576926e+00 6.713315341548892201e-02
7.615510127360112236e+00 6.750394269300105665e-02
7.655966069112561279e+00 6.787670802157015626e-02
7.696636925321916678e+00 6.825145186940331787e-02
7.737541654007697112e+00 6.862835008892924360e-02
7.778645864917623776e+00 6.900709777238282772e-02
7.819968434090430520e+00 6.938785457053914252e-02
7.861510521512644623e+00 6.977063858706698818e-02
7.903273293332997440e+00 7.015546023932661690e-02
7.945257921895182207e+00 7.054232999615286936e-02
7.987465585770722853e+00 7.093125837809705070e-02
8.029897469792082632e+00 7.132224792777315525e-02
8.072554765085916628e+00 7.171532528703469800e-02
8.115438669106538327e+00 7.211049314558104495e-02
8.158550385669480320e+00 7.250775407472309642e-02
8.201891124985321468e+00 7.290713513102652088e-02
8.245462103693650846e+00 7.330863903505005497e-02
8.289264544897244846e+00 7.371227667623421465e-02
8.333299678196352644e+00 7.411806733101269917e-02
8.377568739723251667e+00 7.452600537413534010e-02
8.422072972176930961e+00 7.493611856821984218e-02
8.466813624857977061e+00 7.534841815322172731e-02
8.511791953703669478e+00 7.576289840164741884e-02
8.557009221323189863e+00 7.617958750870572338e-02
8.602466697033097631e+00 7.659849688212357066e-02
8.648165656892944142e+00 7.701962933839760772e-02
8.694107383741133788e+00 7.744300495568089138e-02
8.740293167230873905e+00 7.786862657230078644e-02
8.786724303866417785e+00 7.829651447206098513e-02
8.833402097039442680e+00 7.872667151522078077e-02
8.880327857065669406e+00 7.915911819329336796e-02
8.927502901221593845e+00 7.959386631607322238e-02
8.974928553781500895e+00 8.003092775220957411e-02
9.022606146054625853e+00 8.047030540688167310e-02
9.070537016422544951e+00 8.091202019403823109e-02
9.118722510376715107e+00 8.135609327854474715e-02
9.167163980556262359e+00 8.180251857752321443e-02
9.215884007118647858e+00 8.225150671878174446e-02
9.264841629176013171e+00 8.270269218641435049e-02
9.314059329241699103e+00 8.315627562572440457e-02
9.363538488930403858e+00 8.361226938567489775e-02
9.413280497196408803e+00 8.407068587665691983e-02
9.463286750372525091e+00 8.453153757078236963e-02
9.513558652209324507e+00 8.499484651573703531e-02
9.564097613914524842e+00 8.546060633138052864e-02
9.614905054192647071e+00 8.592884875495217234e-02
9.665982399284771986e+00 8.639957699565491145e-02
9.717331083008632575e+00 8.687281355679309092e-02
9.768952546798828962e+00 8.734856167376420233e-02
9.820848239747338226e+00 8.782683426069175237e-02
9.873019618644130801e+00 8.830765416884306385e-02
9.925468148018106618e+00 8.879102467277297239e-02
9.978195300178185789e+00 8.927695888073076957e-02
1.003120255525467641e+01 8.976547999721844195e-02
1.008449140124076848e+01 9.025660142076093184e-02
1.013806333403433158e+01 9.075032647918829243e-02
1.019191985747992746e+01 9.124667873643989291e-02
1.024606248341097903e+01 9.174567179327047795e-02
1.030049273169226431e+01 9.224730901829059082e-02
1.035521213026251885e+01 9.275161434033711572e-02
1.041022221517739332e+01 9.325860156533427592e-02
1.046552453065251242e+01 9.376827410302322752e-02
1.052112062910687662e+01 9.428066677380081417e-02
1.057701207120638998e+01 9.479577260539057137e-02
1.063320042590772019e+01 9.531361614774097601e-02
1.068968727050229539e+01 9.583421155596556773e-02
1.074647419066062426e+01 9.635757305621030222e-02
1.080356278047676533e+01 9.688371494599720690e-02
1.086095464251311782e+01 9.741265159457049294e-02
1.091865138784536882e+01 9.794440836189478861e-02
1.097665463610775305e+01 9.847897798240203004e-02
1.103499142451599369e+01 9.901661389746502229e-02
1.109361270698334678e+01 9.955688711648341682e-02
1.115254540380762727e+01 1.001000170007828732e-01
1.121179116931806696e+01 1.006460406041079225e-01
1.127135166663222243e+01 1.011949617149374286e-01
1.133122856770262921e+01 1.017468066211435346e-01
1.139142355336376333e+01 1.023015791434440103e-01
1.145193831337920010e+01 1.028592943896288192e-01
1.151277454648907828e+01 1.034199675431332760e-01
1.157393396045774558e+01 1.039836254373367602e-01
1.163541827212175050e+01 1.045502719570971656e-01
1.169722920743797268e+01 1.051199342131927117e-01
1.175936850153214408e+01 1.056926278827143434e-01
1.182183789874749458e+01 1.062683569003913531e-01
1.188463915269374560e+01 1.068471369142551253e-01
1.194777402629635432e+01 1.074289955983709494e-01
1.201124429184595677e+01 1.080139489480776427e-01
1.207505173104816798e+01 1.086020009647018086e-01
1.213919813507355272e+01 1.091931797528187809e-01
1.220368530460795142e+01 1.097875015510617197e-01
1.226851504990296959e+01 1.103849704117829261e-01
1.233368919082686688e+01 1.109856148766556749e-01
1.239920955691557047e+01 1.115894638304024133e-01
1.246507798742409712e+01 1.121964966443539935e-01
1.253129633137812604e+01 1.128067671689548801e-01
1.259786644762595920e+01 1.134202797420805070e-01
1.266479020489065199e+01 1.140370385207082893e-01
1.273206948182251352e+01 1.146570856740063704e-01
1.279970616705180042e+01 1.152804127967841930e-01
1.286770215924178551e+01 1.159070624987776632e-01
1.293605936714199345e+01 1.165370392125939791e-01
1.300477970964185381e+01 1.171703471849137868e-01
1.307386511582449096e+01 1.178070296948805912e-01
1.314334778866279230e+01 1.184473639675609064e-01
1.321316931127623029e+01 1.190908235293051259e-01
1.328336174738129394e+01 1.197376972440489518e-01
1.335392706738502078e+01 1.203880028036398292e-01
1.342486725216182286e+01 1.210417714141625023e-01
1.349618429310916490e+01 1.216990076644103302e-01
1.356788019220339514e+01 1.223597295167951904e-01
1.363995696205601149e+01 1.230239686643857105e-01
1.371241662597009281e+01 1.236917160439832686e-01
1.378526121799716364e+01 1.243630310298392966e-01
1.385849278299422593e+01 1.250378908137530498e-01
1.393211337668121885e+01 1.257163414618027164e-01
1.400612506569867755e+01 1.263984017105233004e-01
1.408052992766579870e+01 1.270840763116863614e-01
1.415533005123869970e+01 1.277733839694371876e-01
1.423052753616911836e+01 1.284663577127899137e-01
1.430612449336329028e+01 1.291630166618243925e-01
1.438212304494127203e+01 1.298633656521741564e-01
1.445852532429643489e+01 1.305674382290777924e-01
1.453533347615543825e+01 1.312752392705583693e-01
1.461254965663835748e+01 1.319868026700106722e-01
1.469017603331926658e+01 1.327021480383300811e-01
1.476821478528704290e+01 1.334212950865319436e-01
1.484666810320658037e+01 1.341442487795834471e-01
1.492553818938023369e+01 1.348710437191690537e-01
1.500482725780969950e+01 1.356016999184140870e-01
1.508453753425809829e+01 1.363362224080296170e-01
1.516467125631253055e+01 1.370746614948382125e-01
1.524523067344681593e+01 1.378170072498046128e-01
1.532621804708470137e+01 1.385632951808655755e-01
1.540763565066329299e+01 1.393135458155855544e-01
1.548948576969691793e+01 1.400677952756991251e-01
1.557177070184123657e+01 1.408260334019740267e-01
1.565452880280095194e+01 1.415886224647086300e-01
1.573769049450862312e+01 1.423549331388868633e-01
1.582129396680609368e+01 1.431253107450835838e-01
1.590534156656831222e+01 1.438997764468924190e-01
1.598983565313752031e+01 1.446783515157580025e-01
1.607477859838954259e+01 1.454610734062919408e-01
1.616017278680031666e+01 1.462479315430914029e-01
1.624602061551286525e+01 1.470389797602447701e-01
1.633232449440457046e+01 1.478342236925852260e-01
1.641908684615483693e+01 1.486336851602955977e-01
1.650631010631307305e+01 1.494373860946793531e-01
1.659399672336709486e+01 1.502453485387136300e-01
1.668214915881182847e+01 1.510576113297532608e-01
1.677076988721843875e+01 1.518741802308830324e-01
1.685986139630374936e+01 1.526950944847162983e-01
1.694942618700014236e+01 1.535203599071940650e-01
1.703946677352568528e+01 1.543499991109031355e-01
1.712998568345476258e+01 1.551840348234961309e-01
1.722098545778903755e+01 1.560225071092487537e-01
1.731246865102871979e+01 1.568654392021124333e-01
1.740443783124434418e+01 1.577128196468683408e-01
1.749689558014881285e+01 1.585647238534240167e-01
1.758984449316990251e+01 1.594211405128775905e-01
1.768328717952306661e+01 1.602820930598329863e-01
1.777722626228476344e+01 1.611476228252780862e-01
1.787166437846600431e+01 1.620177358943733770e-01
1.796660417908644902e+01 1.628924740290819129e-01
1.806204832924876058e+01 1.637718614320460842e-01
1.815799950821348929e+01 1.646559042725025679e-01
1.825446040947420201e+01 1.655446449679880971e-01
1.835143374083316914e+01 1.664381080952815339e-01
1.844892222447732166e+01 1.673362999087209813e-01
1.854692859705471264e+01 1.682392820385262833e-01
1.864545560975127714e+01 1.691470238004947890e-01
1.874454918923798274e+01 1.700599974975583462e-01
1.884412602355290645e+01 1.709774099108233025e-01
1.894423184076476829e+01 1.718996945038537283e-01
1.904486945099411344e+01 1.728268767491947522e-01
1.914604167928966305e+01 1.737589822503927128e-01
1.924775136570771750e+01 1.746960367426576843e-01
1.935000136539179039e+01 1.756380660935275007e-01
1.945279454865283952e+01 1.765850768507419843e-01
1.955613380104976784e+01 1.775371143946193331e-01
1.966002202347048211e+01 1.784942246520795639e-01
1.976446213221327142e+01 1.794563948094256012e-01
1.986945705906875048e+01 1.804236908298490483e-01
1.997500975140205526e+01 1.813960997539642572e-01
2.008112317223568510e+01 1.823736681572759866e-01
2.018780030033259010e+01 1.833564431763818614e-01
2.029504413027986232e+01 1.843444116301730384e-01
2.040285767257273264e+01 1.853376412290294872e-01
2.051124395369915021e+01 1.863361186418720505e-01
2.062020601622466032e+01 1.873399122907592196e-01
2.072974691887789689e+01 1.883490294226402573e-01
2.083986973663636633e+01 1.893634978293108062e-01
2.095057756081285305e+01 1.903833454452721896e-01
2.106187349914208795e+01 1.914086214103233596e-01
2.117376067586810962e+01 1.924393331084386927e-01
2.128624223183186004e+01 1.934755089083486090e-01
2.139932132455943403e+01 1.945171773244010194e-01
2.151300112835063771e+01 1.955643670172940440e-01
2.162728483436819715e+01 1.966171284220996074e-01
2.174217565072721214e+01 1.976754690969303452e-01
2.185767680258534185e+01 1.987394181478078503e-01
2.197379153223323200e+01 1.998090268038802408e-01
2.209052309918561718e+01 2.008843027302639750e-01
2.220787478027274275e+01 2.019652976929822152e-01
2.232590127696069970e+01 2.030524869749669170e-01
2.244450335962180887e+01 2.041449678655879729e-01
2.256373549317478222e+01 2.052432579886547814e-01
2.268360102464457029e+01 2.063473651913498297e-01
2.280410331883649633e+01 2.074573426055802694e-01
2.292524575843082246e+01 2.085731981528308465e-01
2.304703174407760358e+01 2.096949855216486969e-01
2.316946469449224111e+01 2.108227127084654484e-01
2.329254804655137079e+01 2.119564339642499851e-01
2.341628525538941830e+01 2.130961573610305471e-01
2.354067979449550663e+01 2.142419377180392048e-01
2.366573515581104914e+01 2.153938068492900482e-01
2.379145484982768366e+01 2.165517729424292492e-01
2.391784240568591713e+01 2.177158916811713363e-01
2.404490137127409000e+01 2.188861713304179335e-01
2.417263531332805826e+01 2.200626681570287957e-01
2.430104781753126986e+01 2.212454148048755842e-01
2.443014248861540239e+01 2.224344440871591499e-01
2.455992295046163676e+01 2.236297644273546881e-01
2.469039284620227548e+01 2.248314332789104752e-01
2.482155583832311052e+01 2.260394591446006629e-01
2.495341560876614295e+01 2.272539250328155513e-01
2.508597585903303440e+01 2.284748148380152666e-01
2.521924031028892443e+01 2.297021872250572805e-01
2.535321270346696920e+01 2.309360762127047606e-01
2.548789679937327790e+01 2.321764905081822317e-01
2.562329637879256694e+01 2.334235153242666116e-01
2.575941524259420135e+01 2.346771340988766386e-01
2.589625721183898577e+01 2.359374329436274564e-01
2.603382612788633210e+01 2.372043951110144877e-01
2.617212585250219092e+01 2.384780814487991174e-01
2.631116026796734886e+01 2.397585272271529067e-01
2.645093327718652887e+01 2.410457678990042263e-01
2.659151003294194737e+01 2.423403971097147780e-01
2.673277234669521008e+01 2.436413109257968834e-01
2.687478508948625233e+01 2.449491537067188529e-01
2.701755224782586851e+01 2.462639350543951167e-01
2.716107782940246551e+01 2.475856913497271605e-01
2.730536586319447778e+01 2.489144591620511826e-01
2.745042039958358160e+01 2.502502752501021277e-01
2.759624551046826468e+01 2.515931765629810246e-01
2.774284528937825556e+01 2.529432002411283742e-01
2.789022385158932948e+01 2.543003836173017840e-01
2.803838533423892798e+01 2.556647642175589041e-01
2.818733389644217979e+01 2.570363797622446378e-01
2.833707371940878517e+01 2.584152965040584782e-01
2.848760900656026962e+01 2.598014960312913790e-01
2.863894398364807259e+01 2.611950734794099005e-01
2.879108289887208372e+01 2.625960390212243589e-01
2.894403002299999628e+01 2.640044313659377084e-01
2.909778964948708335e+01 2.654203185208782734e-01
2.925236609459684090e+01 2.668436815559420139e-01
2.940776369752202513e+01 2.682746181362131166e-01
2.956398682050658877e+01 2.697131386830862732e-01
2.972103984896800810e+01 2.711593126412626398e-01
2.987892719162050881e+01 2.726131206557333431e-01
3.003765328059871109e+01 2.740746624638965012e-01
3.019722257158217005e+01 2.755439486906212654e-01
3.035763954392031039e+01 2.770210502481588177e-01
3.051890870075832396e+01 2.785059778657884011e-01
3.068103456916342253e+01 2.799987725212991219e-01
3.084402170025207468e+01 2.814995062484355604e-01
3.100787466931760150e+01 2.830081589257443797e-01
3.117259807595878840e+01 2.845248651963004360e-01
3.133819654420881662e+01 2.860496052093393637e-01
3.150467472266523572e+01 2.875824210184700358e-01
3.167203728462031975e+01 2.891233548947339527e-01
3.184036224325143039e+01 2.906731504668972899e-01
3.200950808098880884e+01 2.922305159398146390e-01
3.217955247365484439e+01 2.937961283087738296e-01
3.235050019465082727e+01 2.953700307312219775e-01
3.252235604273581515e+01 2.969522991100365106e-01
3.269512484216140535e+01 2.985429448731326540e-01
3.286881144280700795e+01 3.001420447221638810e-01
3.304342072031622735e+01 3.017496101969044386e-01
3.321895757623346412e+01 3.033657188061398835e-01
3.339542693814173902e+01 3.049904155979670239e-01
3.357283375980082241e+01 3.066237122832992656e-01
3.375118302128647940e+01 3.082656875988935563e-01
3.393047972913008437e+01 3.099163533701512763e-01
3.411072891645932970e+01 3.115757891622530362e-01
3.429193564313938936e+01 3.132440069161478435e-01
3.447410499591504163e+01 3.149210870341039303e-01
3.465724208855338162e+01 3.166070762309287634e-01
3.484135206198742907e+01 3.183019866243578244e-01
3.502644008446045376e+01 3.200058998902011176e-01
3.521251135167096891e+01 3.217188634769623246e-01
3.539957108691874055e+01 3.234408896816532986e-01
3.558762454125120911e+01 3.251720614736850479e-01
3.577667699361108333e+01 3.269124270466657323e-01
3.596673375098438896e+01 3.286620348461389840e-01
3.615780014854954771e+01 3.304208974130906085e-01
3.634988154982704600e+01 3.321890994744977066e-01
3.654298334683010552e+01 3.339666902365138190e-01
3.673711096021592226e+01 3.357536824253590235e-01
3.693226983943797848e+01 3.375501990419398912e-01
3.712846546289884486e+01 3.393562163964959355e-01
3.732570333810412677e+01 3.411718214659036352e-01
3.752398900181696462e+01 3.429970272284683652e-01
3.772332802021353615e+01 3.448319592990135574e-01
3.792381331174586734e+01 3.466773917128199711e-01
3.812527632035753555e+01 3.485318210521811677e-01
3.832780956269032657e+01 3.503960928859277679e-01
3.853141872415625357e+01 3.522702590464257266e-01
3.873610952037007138e+01 3.541543716368159012e-01
3.894188769730956778e+01 3.560484830324155414e-01
3.914875903147702729e+01 3.579526067333709261e-01
3.935672933006121355e+01 3.598668737531379724e-01
3.956580443110055256e+01 3.617912587843563066e-01
3.977599020364684179e+01 3.637258942266395900e-01
3.998729254793018839e+01 3.656707544934509335e-01
4.019971739552445911e+01 3.676259331854624390e-01
4.041327070951395228e+01 3.695915250329886437e-01
4.062795848466062409e+01 3.715675040248555550e-01
4.084378674757255823e+01 3.735539652465720284e-01
4.106076155687294715e+01 3.755509638705102349e-01
4.127888900337033817e+01 3.775585553571079167e-01
4.149817521022945499e+01 3.795768369545334808e-01
4.171862633314326274e+01 3.816057819279374264e-01
4.194024856050556593e+01 3.836454878898253873e-01
4.216304811358491378e+01 3.856960114678916196e-01
4.238703124669907396e+01 3.877574519724593105e-01
4.261220424739078538e+01 3.898297820750602494e-01
4.283857343660402961e+01 3.919131442964093881e-01
4.306614516886171629e+01 3.940075110062375430e-01
4.329492583244383752e+01 3.961130262327527407e-01
4.352492184956700783e+01 3.982297055654266948e-01
4.375613967656452985e+01 4.003576077372273390e-01
4.398858580406785279e+01 4.024967917876233758e-01
4.422226675718854949e+01 4.046473170641697314e-01
4.445718909570171462e+01 4.068092432241025569e-01
4.469335941422988867e+01 4.089826749292996833e-01
4.493078434242838881e+01 4.111675833118797474e-01
4.516957455184049053e+01 4.133650704015857658e-01
4.540952928192309201e+01 4.155732538911435237e-01
4.565075872563895842e+01 4.177931417638004463e-01
4.589326965466054986e+01 4.200248414660808227e-01
4.613706887663361300e+01 4.222683233295983496e-01
4.638216323536815366e+01 4.245237415843937656e-01
4.662855961103066704e+01 4.267911128626444839e-01
4.687626492033713532e+01 4.290705468921952592e-01
4.712528611674738244e+01 4.313620133489389219e-01
4.737563019066004699e+01 4.336656697459884136e-01
4.762730416960902602e+01 4.359815330512052389e-01
4.788031511846053689e+01 4.383096674416755989e-01
4.813467013961167851e+01 4.406501855638390586e-01
4.839037637318953955e+01 4.430031046426190500e-01
4.864744099725189841e+01 4.453684898684250881e-01
4.890587122798847020e+01 4.477464556774660154e-01
4.916567431992370985e+01 4.501369703898276953e-01
4.942685756612028314e+01 4.525402477221511233e-01
4.968942829838382380e+01 4.549562067422890932e-01
4.995339388746890563e+01 4.573850134812288415e-01
5.021876174328566833e+01 4.598266857770664240e-01
5.048553931510813442e+01 4.622813417309651896e-01
5.075373409178303774e+01 4.647489993618799664e-01
5.102335360194030045e+01 4.672297269964940658e-01
5.129440541420413524e+01 4.697236446120600095e-01
5.156689713740573922e+01 4.722307705000094447e-01
5.184083642079664855e+01 4.747511740653931889e-01
5.211623095426371322e+01 4.772849771912401340e-01
5.239308846854471113e+01 4.798321984454461675e-01
5.267141673544561797e+01 4.823929609997477108e-01
5.295122356805850217e+01 4.849672836100736295e-01
5.323251682098113235e+01 4.875552907504456801e-01
5.351530439053718879e+01 4.901570013666773917e-01
5.379959421499819427e+01 4.927725412487965473e-01
5.408551881117209348e+01 4.954030702407822284e-01
5.437283779073913337e+01 4.980463857634483960e-01
5.466168309746057474e+01 5.007037502568937315e-01
5.495206283965758587e+01 5.033751831476017680e-01
5.524398516872534515e+01 5.060608135745683356e-01
5.553745827936169377e+01 5.087607166982082152e-01
5.583249040979730182e+01 5.114749122427750816e-01
5.612908984202676521e+01 5.142034752736235337e-01
5.642726490204132261e+01 5.169465376744221130e-01
5.672702396006231851e+01 5.197041761939191762e-01
5.702837543077642124e+01 5.224764109571408133e-01
5.733132777357158716e+01 5.252633759467356667e-01
5.763588949277479401e+01 5.280650914910780536e-01
5.794206913789049906e+01 5.308816929889879077e-01
5.824987530384085943e+01 5.337132009741851757e-01
5.855931663120684760e+01 5.365597522765768179e-01
5.887040180647095866e+01 5.394214265076459069e-01
5.918313956226083405e+01 5.422982445153927689e-01
5.949753867759466885e+01 5.451902858096212556e-01
5.981360797812740770e+01 5.480977499414040333e-01
6.013135633639868871e+01 5.510205988945681144e-01
6.045079267208171814e+01 5.539589134376298185e-01
6.077192595223387883e+01 5.569128963035301361e-01
6.109476519154821261e+01 5.598824477568391522e-01
6.141931945260671455e+01 5.628678331288990977e-01
6.174559784613447988e+01 5.658690133552477519e-01
6.207360953125574099e+01 5.688861334183186180e-01
6.240336371575067886e+01 5.719192152444816379e-01
6.273486965631418144e+01 5.749684680830808858e-01
6.306813665881541908e+01 5.780338520132014546e-01
6.340317407855935983e+01 5.811154516996279717e-01
6.373999132054909467e+01 5.842134159878764610e-01
6.407859783975015944e+01 5.873278314423094892e-01
6.441915147176273138e+01 5.904601446665447284e-01
6.476136589943719457e+01 5.936076664594155394e-01
6.510539827584017303e+01 5.967719012081320606e-01
6.545125825847672729e+01 5.999529373105670915e-01
6.579895555615564717e+01 6.031508636303007931e-01
6.614849992926178857e+01 6.063657033505617244e-01
6.649990119003035716e+01 6.095976117193833144e-01
6.685316920282201636e+01 6.128466790065755232e-01
6.720831388440011267e+01 6.161129287491532436e-01
6.756534520420873946e+01 6.193965862300523373e-01
6.792427318465293240e+01 6.226976083756817770e-01
6.828510790137966069e+01 6.260161545755360546e-01
6.864785948356102097e+01 6.293522488484725175e-01
6.901253811417821282e+01 6.327061212803284374e-01
6.937915403030775963e+01 6.360777278522716793e-01
6.974771752340851094e+01 6.394672313449735190e-01
7.011823893961093290e+01 6.428747263870085993e-01
7.049072868000716596e+01 6.463003081053122489e-01
7.086519720094320007e+01 6.497440012625983474e-01
7.124165501431242831e+01 6.532060433443187542e-01
7.162011268785056473e+01 6.566863888773809554e-01
7.200058084543253756e+01 6.601852058676104251e-01
7.238307016737043398e+01 6.637025919671608598e-01
7.276759139071357652e+01 6.672385725748044560e-01
7.315415530954970791e+01 6.707933915224278953e-01
7.354277277530819390e+01 6.743670756298357771e-01
7.393345469706444817e+01 6.779596506887874963e-01
7.432621204184637520e+01 6.815712900975192667e-01
7.472105583494197845e+01 6.852020946278998270e-01
7.511799716020915696e+01 6.888521655823568457e-01
7.551704716038652521e+01 6.925216047966556987e-01
7.591821703740653504e+01 6.962105146426988966e-01
7.632151805270956402e+01 6.999189980313337278e-01
7.672713819812167912e+01 7.036487018973668350e-01
7.713473645245574062e+01 7.073966514960282614e-01
7.754449999459846765e+01 7.111644091309622384e-01
7.795644032722746886e+01 7.149522345745007446e-01
7.837056901412603338e+01 7.187600779698231079e-01
7.878689768050794839e+01 7.225881230594525251e-01
7.920543801334359557e+01 7.264364766004054452e-01
7.962620176168830710e+01 7.303052459116238238e-01
8.004920073701184435e+01 7.341946189261193689e-01
8.047444681353033502e+01 7.381045444223806040e-01
8.090195192853923345e+01 7.420352110490716635e-01
8.133172808274875365e+01 7.459867284024560563e-01
8.176378734062042497e+01 7.499592066556032277e-01
8.219814183070612046e+01 7.539527565614158044e-01
8.263480374598807998e+01 7.579674894556643894e-01
8.307378534422170446e+01 7.620035172600467810e-01
8.351509894827911751e+01 7.660609524852546315e-01
8.395875694649555498e+01 7.701399082340645297e-01
8.440477179301676358e+01 7.742404982044378547e-01
8.485315600814890047e+01 7.783628366926422792e-01
8.530392217870966931e+01 7.825070385963854847e-01
8.575708295838204265e+01 7.866732194179690829e-01
8.621265106806907852e+01 7.908614952674546394e-01
8.667063929625139451e+01 7.950719828658513455e-01
8.713106049934575026e+01 7.993047995483142376e-01
8.759392760206637263e+01 8.035600632673658428e-01
8.805925359778736095e+01 8.078378925961281487e-01
8.852705154890784911e+01 8.121384952586286898e-01
8.899733458721823354e+01 8.164618144951437673e-01
8.947011591426924326e+01 8.208080588194451854e-01
8.994540880174216113e+01 8.251774392651692880e-01
9.042322659182171662e+01 8.295699885678030627e-01
9.090358269757020082e+01 8.339857381970053885e-01
9.138649060330452301e+01 8.384249924940548881e-01
9.187217540823219508e+01 8.428897255229639285e-01
9.236022877758335881e+01 8.473761902827198211e-01
9.285087483716178269e+01 8.518864422893700494e-01
9.334412736013860012e+01 8.564206071692241906e-01
9.384000019285244321e+01 8.609788112094146628e-01
9.433850725519779701e+01 8.655611813613532934e-01
9.483966254101609650e+01 8.701679400838786549e-01
9.534348011848823035e+01 8.747991218353976528e-01
9.584997413052974480e+01 8.794547597391769722e-01
9.635915879518756810e+01 8.841351746375871734e-01
9.687104840603947764e+01 8.888404015206635700e-01
9.738565733259494550e+01 8.935705714074129169e-01
9.790300002069892571e+01 8.983258160059264252e-01
9.842309099293693464e+01 9.031063661400779985e-01
9.894594484904315834e+01 9.079122575295890396e-01
9.947157626630992411e+01 9.127435245082873294e-01
1.000000000000000000e+02 9.176005000000000411e-01
