4.999999950079739852e-01 0.000000000000000000e+00
5.026561494002576014e-01 0.000000000000000000e+00
5.053264141049929048e-01 0.000000000000000000e+00
5.080108640805183207e-01 0.000000000000000000e+00
5.107095746833729688e-01 0.000000000000000000e+00
5.134226216704131929e-01 0.000000000000000000e+00
5.161500812009390815e-01 0.000000000000000000e+00
5.188920298388336461e-01 0.000000000000000000e+00
5.216485445547095479e-01 0.000000000000000000e+00
5.244197027280715906e-01 0.000000000000000000e+00
5.272055821494878725e-01 0.000000000000000000e+00
5.300062610227755933e-01 0.000000000000000000e+00
5.328218179671931898e-01 0.000000000000000000e+00
5.356523320196493465e-01 0.000000000000000000e+00
5.384978826369208882e-01 0.000000000000000000e+00
5.413585496978848832e-01 0.000000000000000000e+00
5.442344135057582966e-01 0.000000000000000000e+00
5.471268145949504946e-01 0.000000000000000000e+00
5.500333212074142164e-01 0.000000000000000000e+00
5.529552680806418818e-01 0.000000000000000000e+00
5.558927372380672027e-01 0.000000000000000000e+00
5.588458111388572291e-01 0.000000000000000000e+00
5.618145726802290518e-01 0.000000000000000000e+00
5.647991051997738321e-01 0.000000000000000000e+00
5.677994924777982622e-01 0.000000000000000000e+00
5.708158187396754624e-01 0.000000000000000000e+00
5.738481686582114216e-01 0.000000000000000000e+00
5.768966273560180991e-01 0.000000000000000000e+00
5.799612804079063988e-01 0.000000000000000000e+00
5.830422138432856949e-01 0.000000000000000000e+00
5.861395141485824523e-01 0.000000000000000000e+00
5.892532682696638435e-01 0.000000000000000000e+00
5.923835636142807948e-01 0.000000000000000000e+00
5.955304880545205792e-01 0.000000000000000000e+00
5.986941299292761753e-01 0.000000000000000000e+00
6.018745780467220641e-01 0.000000000000000000e+00
6.050719216868097883e-01 0.000000000000000000e+00
6.082862506037729489e-01 0.000000000000000000e+00
6.115176550286494095e-01 0.000000000000000000e+00
6.147662256718099405e-01 0.000000000000000000e+00
6.180320537255077351e-01 0.000000000000000000e+00
6.213152308664366963e-01 0.000000000000000000e+00
6.246158492583073762e-01 0.000000000000000000e+00
6.279340015544307985e-01 0.000000000000000000e+00
6.312697809003213756e-01 0.000000000000000000e+00
6.346232809363108185e-01 0.000000000000000000e+00
6.379945958001790318e-01 0.000000000000000000e+00
6.413838201297928920e-01 0.000000000000000000e+00
6.447910490657656757e-01 0.000000000000000000e+00
6.482163782541267016e-01 0.000000000000000000e+00
6.516614043531141487e-01 0.000000000000000000e+00
6.551232309905856699e-01 0.000000000000000000e+00
6.586034479202970138e-01 0.000000000000000000e+00
6.621021528371614506e-01 0.000000000000000000e+00
6.656194439550759956e-01 0.000000000000000000e+00
6.691554200096806460e-01 0.000000000000000000e+00
6.727101802611290537e-01 0.000000000000000000e+00
6.762838244968775170e-01 0.000000000000000000e+00
6.798764530344819645e-01 0.000000000000000000e+00
6.834881667244169234e-01 0.000000000000000000e+00
6.871190669529059214e-01 0.000000000000000000e+00
6.907692556447664334e-01 0.000000000000000000e+00
6.944388352662743680e-01 0.000000000000000000e+00
6.981279088280358813e-01 0.000000000000000000e+00
7.018365798878822837e-01 0.000000000000000000e+00
7.055649525537748268e-01 0.000000000000000000e+00
7.093131314867309190e-01 0.000000000000000000e+00
7.130812219037575561e-01 0.000000000000000000e+00
7.168693295808075128e-01 0.000000000000000000e+00
7.206775608557471902e-01 0.000000000000000000e+00
7.245060226313452256e-01 0.000000000000000000e+00
7.283548223782682074e-01 0.000000000000000000e+00
7.322240681381009253e-01 0.000000000000000000e+00
7.361138685263777237e-01 0.000000000000000000e+00
7.400243327356343936e-01 0.000000000000000000e+00
7.439555705384691686e-01 0.000000000000000000e+00
7.479076922906265912e-01 0.000000000000000000e+00
7.518808089340943690e-01 0.000000000000000000e+00
7.558750320002211032e-01 0.000000000000000000e+00
7.598904736128412329e-01 0.000000000000000000e+00
7.639272464914270699e-01 0.000000000000000000e+00
7.679854639542503802e-01 0.000000000000000000e+00
7.720652399215671702e-01 0.000000000000000000e+00
7.761666889188105767e-01 0.000000000000000000e+00
7.802917227658289212e-01 0.000000000000000000e+00
7.844368733805883176e-01 0.000000000000000000e+00
7.886040443155917234e-01 0.000000000000000000e+00
7.927933525495809430e-01 0.000000000000000000e+00
7.970049156827242465e-01 0.000000000000000000e+00
8.012388519399206155e-01 0.000000000000000000e+00
8.054952801741139812e-01 0.000000000000000000e+00
8.097743198696324418e-01 0.000000000000000000e+00
8.140760911455412474e-01 0.000000000000000000e+00
8.184007147590171005e-01 0.000000000000000000e+00
8.227483121087341145e-01 0.000000000000000000e+00
8.271190052382744184e-01 0.000000000000000000e+00
8.315129168395524184e-01 0.000000000000000000e+00
8.359301702562623726e-01 0.000000000000000000e+00
8.403708894873357371e-01 0.000000000000000000e+00
8.448351991904258229e-01 0.000000000000000000e+00
8.493232246854045542e-01 0.000000000000000000e+00
8.538350919578845399e-01 0.000000000000000000e+00
8.583709276627501383e-01 0.000000000000000000e+00
8.629308591277166096e-01 0.000000000000000000e+00
8.675150143569024808e-01 0.000000000000000000e+00
8.721235220344261130e-01 0.000000000000000000e+00
8.767565115280133714e-01 0.000000000000000000e+00
8.814141128926318292e-01 0.000000000000000000e+00
8.860964568741408476e-01 0.000000000000000000e+00
8.908036749129643050e-01 0.000000000000000000e+00
8.955358991477758712e-01 0.000000000000000000e+00
9.002932624192117039e-01 0.000000000000000000e+00
9.050758982735971347e-01 0.000000000000000000e+00
9.098839409666997780e-01 0.000000000000000000e+00
9.147175254674925204e-01 0.000000000000000000e+00
9.195767874619461546e-01 0.000000000000000000e+00
9.244618633568372212e-01 0.000000000000000000e+00
9.293750302462031598e-01 0.000000000000000000e+00
9.343121574328300261e-01 0.000000000000000000e+00
9.392755121638417526e-01 0.000000000000000000e+00
9.442652337680562669e-01 0.000000000000000000e+00
9.492814623144459896e-01 0.000000000000000000e+00
9.543243386160742414e-01 0.000000000000000000e+00
9.593940042340455276e-01 0.000000000000000000e+00
9.644906014814838002e-01 0.000000000000000000e+00
9.696142734275214892e-01 0.000000000000000000e+00
9.747651639013189540e-01 0.000000000000000000e+00
9.799434174961019206e-01 0.000000000000000000e+00
9.851491795732190138e-01 0.000000000000000000e+00
9.903825962662256011e-01 0.000000000000000000e+00
9.956438144849815153e-01 0.000000000000000000e+00
1.000932981919777420e+00 0.000000000000000000e+00
1.006250247045479496e+00 0.000000000000000000e+00
1.011595759125702099e+00 0.000000000000000000e+00
1.016969668216989975e+00 0.000000000000000000e+00
1.022372125173035995e+00 0.000000000000000000e+00
1.027803281648913103e+00 0.000000000000000000e+00
1.033263290105336685e+00 0.000000000000000000e+00
1.038752303812936706e+00 0.000000000000000000e+00
1.044270476856565155e+00 0.000000000000000000e+00
1.049817964139619919e+00 0.000000000000000000e+00
1.055394921388395968e+00 0.000000000000000000e+00
1.061001505156451641e+00 0.000000000000000000e+00
1.066637872829007128e+00 0.000000000000000000e+00
1.072304182627360047e+00 0.000000000000000000e+00
1.078000593613333002e+00 0.000000000000000000e+00
1.083727265693729125e+00 0.000000000000000000e+00
1.089484359624828036e+00 0.000000000000000000e+00
1.095272037016894906e+00 0.000000000000000000e+00
1.101090460338722155e+00 0.000000000000000000e+00
1.106942341748183400e+00 0.000000000000000000e+00
1.112822761332970867e+00 0.000000000000000000e+00
1.118734419522688928e+00 0.000000000000000000e+00
1.124677482266452699e+00 0.000000000000000000e+00
1.130652116394952778e+00 0.000000000000000000e+00
1.136658489625133939e+00 0.000000000000000000e+00
1.142696770564908926e+00 0.000000000000000000e+00
1.148767128717884223e+00 0.000000000000000000e+00
1.154869734488123134e+00 0.000000000000000000e+00
1.161004759184926183e+00 0.000000000000000000e+00
1.167172375027646591e+00 0.000000000000000000e+00
1.173372755150515090e+00 0.000000000000000000e+00
1.179606073607506689e+00 0.000000000000000000e+00
1.185872505377223884e+00 0.000000000000000000e+00
1.192172226367812726e+00 0.000000000000000000e+00
1.198505413421894428e+00 0.000000000000000000e+00
1.204872244321533836e+00 0.000000000000000000e+00
1.211272897793227443e+00 0.000000000000000000e+00
1.217707553512926477e+00 0.000000000000000000e+00
1.224176392111072431e+00 0.000000000000000000e+00
1.230679595177672114e+00 0.000000000000000000e+00
1.237217345267394020e+00 0.000000000000000000e+00
1.243789825904696666e+00 0.000000000000000000e+00
1.250397221588974261e+00 0.000000000000000000e+00
1.257039717799738776e+00 0.000000000000000000e+00
1.263717501001826227e+00 0.000000000000000000e+00
1.270430758650635150e+00 0.000000000000000000e+00
1.277179679197380846e+00 0.000000000000000000e+00
1.283964452094391362e+00 0.000000000000000000e+00
1.290785267800422575e+00 0.000000000000000000e+00
1.297642317786009691e+00 0.000000000000000000e+00
1.304535794538835169e+00 0.000000000000000000e+00
1.311465891569136843e+00 0.000000000000000000e+00
1.318432803415137800e+00 0.000000000000000000e+00
1.325439777582867906e+00 0.000000000000000000e+00
1.332480923027035580e+00 0.000000000000000000e+00
1.339559473210371499e+00 0.000000000000000000e+00
1.346675626838405249e+00 0.000000000000000000e+00
1.353829583672246706e+00 0.000000000000000000e+00
1.361021544534200878e+00 0.000000000000000000e+00
1.368251711313400065e+00 0.000000000000000000e+00
1.375520286971479322e+00 0.000000000000000000e+00
1.382827475548263685e+00 0.000000000000000000e+00
1.390173482167502250e+00 0.000000000000000000e+00
1.397558513042625572e+00 0.000000000000000000e+00
1.404982775482531698e+00 0.000000000000000000e+00
1.412446477897411068e+00 0.000000000000000000e+00
1.419949829804590280e+00 0.000000000000000000e+00
1.427493041834417831e+00 0.000000000000000000e+00
1.435076325736173608e+00 0.000000000000000000e+00
1.442699894384020576e+00 0.000000000000000000e+00
1.450363961782969335e+00 0.000000000000000000e+00
1.458068743074893758e+00 0.000000000000000000e+00
1.465814454544565271e+00 0.000000000000000000e+00
1.473601313625732434e+00 0.000000000000000000e+00
1.481429538907213628e+00 0.000000000000000000e+00
1.489299350139040579e+00 0.000000000000000000e+00
1.497210968238622764e+00 0.000000000000000000e+00
1.505164615296956887e+00 0.000000000000000000e+00
1.513160514584849903e+00 0.000000000000000000e+00
1.521198890559194883e+00 0.000000000000000000e+00
1.529279968869266870e+00 0.000000000000000000e+00
1.537403976363064029e+00 0.000000000000000000e+00
1.545571141093667666e+00 0.000000000000000000e+00
1.553781692325647779e+00 0.000000000000000000e+00
1.562035860541497234e+00 0.000000000000000000e+00
1.570333877448108595e+00 0.000000000000000000e+00
1.578679611023222185e+00 0.000000000000000000e+00
1.587066044672607035e+00 0.000000000000000000e+00
1.595497029647584997e+00 0.000000000000000000e+00
1.603972802618555349e+00 0.000000000000000000e+00
1.612493601513184993e+00 0.000000000000000000e+00
1.621059665523084226e+00 0.000000000000000000e+00
1.629671235110528249e+00 0.000000000000000000e+00
1.638328552015197559e+00 0.000000000000000000e+00
1.647031859260969400e+00 0.000000000000000000e+00
1.655781401162737865e+00 0.000000000000000000e+00
1.664577423333277517e+00 0.000000000000000000e+00
1.673420172690129659e+00 0.000000000000000000e+00
1.682309897462538784e+00 0.000000000000000000e+00
1.691246847198418557e+00 0.000000000000000000e+00
1.700231272771363322e+00 0.000000000000000000e+00
1.709263426387680029e+00 0.000000000000000000e+00
1.718343561593475233e+00 0.000000000000000000e+00
1.727471933281769401e+00 0.000000000000000000e+00
1.736648797699657631e+00 0.000000000000000000e+00
1.745874412455494573e+00 0.000000000000000000e+00
1.755149036526131523e+00 0.000000000000000000e+00
1.764472930264182393e+00 0.000000000000000000e+00
1.773846355405340525e+00 0.000000000000000000e+00
1.783269575075714819e+00 0.000000000000000000e+00
1.792742853799222491e+00 0.000000000000000000e+00
1.802266457505012465e+00 0.000000000000000000e+00
1.811840653534936507e+00 0.000000000000000000e+00
1.821465710651043235e+00 0.000000000000000000e+00
1.831141899043130294e+00 0.000000000000000000e+00
1.840869490336325187e+00 0.000000000000000000e+00
1.850648757598717165e+00 0.000000000000000000e+00
1.860479975349012660e+00 0.000000000000000000e+00
1.870363419564247343e+00 0.000000000000000000e+00
1.880303697241810346e+00 0.000000000000000000e+00
1.890292451190050516e+00 0.000000000000000000e+00
1.900334268484166644e+00 0.000000000000000000e+00
1.910429431013037638e+00 0.000000000000000000e+00
1.920578222163030091e+00 0.000000000000000000e+00
1.930780926825939492e+00 0.000000000000000000e+00
1.941037831406997372e+00 0.000000000000000000e+00
1.951349223832905544e+00 0.000000000000000000e+00
1.961715393559927856e+00 0.000000000000000000e+00
1.972136631582003030e+00 0.000000000000000000e+00
1.982613230438921681e+00 0.000000000000000000e+00
1.993145484224536412e+00 0.000000000000000000e+00
2.003733688595013884e+00 0.000000000000000000e+00
2.014378140777144832e+00 0.000000000000000000e+00
2.025079139576675402e+00 0.000000000000000000e+00
2.035836985386699105e+00 0.000000000000000000e+00
2.046651980196091181e+00 0.000000000000000000e+00
2.057524427597989369e+00 0.000000000000000000e+00
2.068454632798307546e+00 0.000000000000000000e+00
2.079442902624308420e+00 0.000000000000000000e+00
2.090489545533213533e+00 0.000000000000000000e+00
2.101594871620871885e+00 0.000000000000000000e+00
2.112759192630449867e+00 0.000000000000000000e+00
2.123982821961193146e+00 0.000000000000000000e+00
2.135266074677217851e+00 0.000000000000000000e+00
2.146609267516364827e+00 0.000000000000000000e+00
2.158012718899078308e+00 0.000000000000000000e+00
2.169476748937350763e+00 0.000000000000000000e+00
2.181001679443708596e+00 0.000000000000000000e+00
2.192587833940249809e+00 0.000000000000000000e+00
2.204235537667716738e+00 0.000000000000000000e+00
2.215945117594633640e+00 0.000000000000000000e+00
2.227716902426478018e+00 0.000000000000000000e+00
2.239551222614921677e+00 0.000000000000000000e+00
2.251453594524605695e+00 0.000000000000000000e+00
2.263414011352255617e+00 0.000000000000000000e+00
2.275437965607922219e+00 0.000000000000000000e+00
2.287525794822044656e+00 0.000000000000000000e+00
2.299677838318128220e+00 0.000000000000000000e+00
2.311894437222268728e+00 0.000000000000000000e+00
2.324175934472735960e+00 0.000000000000000000e+00
2.336522674829585533e+00 0.000000000000000000e+00
2.348935004884348920e+00 0.000000000000000000e+00
2.361413273069754570e+00 0.000000000000000000e+00
2.373957829669522290e+00 0.000000000000000000e+00
2.386569026828178508e+00 0.000000000000000000e+00
2.399247218560953687e+00 0.000000000000000000e+00
2.411992760763713051e+00 0.000000000000000000e+00
2.424806011222959246e+00 0.000000000000000000e+00
2.437687329625857657e+00 0.000000000000000000e+00
2.450637077570348321e+00 0.000000000000000000e+00
2.463655618575286255e+00 0.000000000000000000e+00
2.476743318090660395e+00 0.000000000000000000e+00
2.489900543507834296e+00 0.000000000000000000e+00
2.503127664169870314e+00 0.000000000000000000e+00
2.516425051381891986e+00 0.000000000000000000e+00
2.529793078421520125e+00 0.000000000000000000e+00
2.543232120549332009e+00 0.000000000000000000e+00
2.556742555019408947e+00 0.000000000000000000e+00
2.570324761089917587e+00 0.000000000000000000e+00
2.583979120033772059e+00 0.000000000000000000e+00
2.597706015149315650e+00 0.000000000000000000e+00
2.611505831771094854e+00 0.000000000000000000e+00
2.625378957280668057e+00 0.000000000000000000e+00
2.639325781117494163e+00 0.000000000000000000e+00
2.653346694789844751e+00 0.000000000000000000e+00
2.667442091885808164e+00 0.000000000000000000e+00
2.681618542732105759e+00 0.000000000000000000e+00
2.695864128615748534e+00 0.000000000000000000e+00
2.710185391451177317e+00 0.000000000000000000e+00
2.724582733257730371e+00 0.000000000000000000e+00
2.739056558190402946e+00 0.000000000000000000e+00
2.753607272551179097e+00 0.000000000000000000e+00
2.768235284800447893e+00 0.000000000000000000e+00
2.782941005568462245e+00 0.000000000000000000e+00
2.797724847666878123e+00 0.000000000000000000e+00
2.812587226100327964e+00 0.000000000000000000e+00
2.827528558078077126e+00 0.000000000000000000e+00
2.842549263025734518e+00 0.000000000000000000e+00
2.857649762597035181e+00 0.000000000000000000e+00
2.872830480685661048e+00 0.000000000000000000e+00
2.888091843437150086e+00 0.000000000000000000e+00
2.903434279260857842e+00 0.000000000000000000e+00
2.918858218841979379e+00 0.000000000000000000e+00
2.934364095153651153e+00 0.000000000000000000e+00
2.949952343469088412e+00 0.000000000000000000e+00
2.965623401373814527e+00 0.000000000000000000e+00
2.981377708777939617e+00 0.000000000000000000e+00
2.997215707928520878e+00 0.000000000000000000e+00
3.013137843421959783e+00 0.000000000000000000e+00
3.029144562216493863e+00 0.000000000000000000e+00
3.045236313644738235e+00 0.000000000000000000e+00
3.061413549426311054e+00 0.000000000000000000e+00
3.077676723680493609e+00 0.000000000000000000e+00
3.094026292938994782e+00 0.000000000000000000e+00
3.110462716158755025e+00 0.000000000000000000e+00
3.126986454734848486e+00 0.000000000000000000e+00
3.143597972513409111e+00 0.000000000000000000e+00
3.160297735804670882e+00 0.000000000000000000e+00
3.177086213396047576e+00 0.000000000000000000e+00
3.193971230947384221e+00 0.000000000000000000e+00
3.210938592544604120e+00 0.000000000000000000e+00
3.227996090006783891e+00 0.000000000000000000e+00
3.245144202163483538e+00 0.000000000000000000e+00
3.262383410387940774e+00 0.000000000000000000e+00
3.279714198610602871e+00 0.000000000000000000e+00
3.297137053332698908e+00 0.000000000000000000e+00
3.314652463639915059e+00 0.000000000000000000e+00
3.332260921216100513e+00 0.000000000000000000e+00
3.349962920357084428e+00 0.000000000000000000e+00
3.367758957984544832e+00 0.000000000000000000e+00
3.385649533659971233e+00 0.000000000000000000e+00
3.403635149598668530e+00 0.000000000000000000e+00
3.421716310683866613e+00 0.000000000000000000e+00
3.439893524480888143e+00 0.000000000000000000e+00
3.458167301251410031e+00 0.000000000000000000e+00
3.476538153967766220e+00 0.000000000000000000e+00
3.495006598327362823e+00 0.000000000000000000e+00
3.513573152767142993e+00 0.000000000000000000e+00
3.532238338478161932e+00 0.000000000000000000e+00
3.551002679420188546e+00 0.000000000000000000e+00
3.569866702336433661e+00 0.000000000000000000e+00
3.588830936768325763e+00 0.000000000000000000e+00
3.607895915070391979e+00 0.000000000000000000e+00
3.627062172425181696e+00 0.000000000000000000e+00
3.646330246858300761e+00 0.000000000000000000e+00
3.665700679253510952e+00 0.000000000000000000e+00
3.685174013367925827e+00 0.000000000000000000e+00
3.704750795847254974e+00 0.000000000000000000e+00
3.724431576241160613e+00 0.000000000000000000e+00
3.744216907018679930e+00 0.000000000000000000e+00
3.764107343583747323e+00 0.000000000000000000e+00
3.784103444290763285e+00 0.000000000000000000e+00
3.804205770460283187e+00 0.000000000000000000e+00
3.824423692445611866e+00 0.000000000000000000e+00
3.844740212225739029e+00 0.000000000000000000e+00
3.865164659633443467e+00 0.000000000000000000e+00
3.885697608013610971e+00 0.000000000000000000e+00
3.906339633756924723e+00 0.000000000000000000e+00
3.927091316316019931e+00 0.000000000000000000e+00
3.947953238221770356e+00 0.000000000000000000e+00
3.968925985099625020e+00 0.000000000000000000e+00
3.990010145686071930e+00 0.000000000000000000e+00
4.011206311845135986e+00 0.000000000000000000e+00
4.032515078585010571e+00 0.000000000000000000e+00
4.053937044074751306e+00 0.000000000000000000e+00
4.075472809661085272e+00 0.000000000000000000e+00
4.097122979885269523e+00 0.000000000000000000e+00
4.118888162500071282e+00 0.000000000000000000e+00
4.140768968486828960e+00 0.000000000000000000e+00
4.162766012072601107e+00 0.000000000000000000e+00
4.184879910747417497e+00 0.000000000000000000e+00
4.207111285281598612e+00 0.000000000000000000e+00
4.229460759743191467e+00 0.000000000000000000e+00
4.251928961515475613e+00 0.000000000000000000e+00
4.274516521314605910e+00 0.000000000000000000e+00
4.297224073207276618e+00 0.000000000000000000e+00
4.320052254628547139e+00 0.000000000000000000e+00
4.343001706399723716e+00 0.000000000000000000e+00
4.366073072746367245e+00 0.000000000000000000e+00
4.389267001316349059e+00 0.000000000000000000e+00
4.412584143198053255e+00 0.000000000000000000e+00
4.436025152938636751e+00 0.000000000000000000e+00
4.459590688562434124e+00 0.000000000000000000e+00
4.483281411589388199e+00 0.000000000000000000e+00
4.507097987053646726e+00 0.000000000000000000e+00
4.531041083522221236e+00 0.000000000000000000e+00
4.555121861657392301e+00 0.000000000000000000e+00
4.579320075779444998e+00 0.000000000000000000e+00
4.603646838288228516e+00 0.000000000000000000e+00
4.628102832072481299e+00 0.000000000000000000e+00
4.652688743648647929e+00 0.000000000000000000e+00
4.677405263180160588e+00 0.000000000000000000e+00
4.702253084496810231e+00 0.000000000000000000e+00
4.727232905114241213e+00 0.000000000000000000e+00
4.752345426253499205e+00 0.000000000000000000e+00
4.777591352860739882e+00 0.000000000000000000e+00
4.802971393627005980e+00 0.000000000000000000e+00
4.828486261008136715e+00 0.000000000000000000e+00
4.854136671244747347e+00 0.000000000000000000e+00
4.879923344382345540e+00 0.000000000000000000e+00
4.905847004291541857e+00 0.000000000000000000e+00
4.931908378688380168e+00 0.000000000000000000e+00
4.958108199154747098e+00 0.000000000000000000e+00
4.984447201158921814e+00 0.000000000000000000e+00
5.010926124076211963e+00 0.000000000000000000e+00
5.037545711209729937e+00 0.000000000000000000e+00
5.064306709811231322e+00 0.000000000000000000e+00
5.091209871102106987e+00 0.000000000000000000e+00
5.118255950294462231e+00 0.000000000000000000e+00
5.145445706612338910e+00 0.000000000000000000e+00
5.172779903312995309e+00 0.000000000000000000e+00
5.200259307708352985e+00 0.000000000000000000e+00
5.227884691186527988e+00 0.000000000000000000e+00
5.255656829233501526e+00 0.000000000000000000e+00
5.283576501454859908e+00 0.000000000000000000e+00
5.311644491597704132e+00 0.000000000000000000e+00
5.339861587572632295e+00 0.000000000000000000e+00
5.368228581475884553e+00 0.000000000000000000e+00
5.396746269611545799e+00 0.000000000000000000e+00
5.425427945009041686e+00 0.000000000000000000e+00
5.454249493829104622e+00 0.000000000000000000e+00
5.483224151617679176e+00 0.000000000000000000e+00
5.512352731736889666e+00 0.000000000000000000e+00
5.541636051869690327e+00 0.000000000000000000e+00
5.571074934042830940e+00 0.000000000000000000e+00
5.600670204649909500e+00 0.000000000000000000e+00
5.630422694474584766e+00 0.000000000000000000e+00
5.660333238713891824e+00 0.000000000000000000e+00
5.690402677001703324e+00 0.000000000000000000e+00
5.720631853432275093e+00 0.000000000000000000e+00
5.751021616583950724e+00 0.000000000000000000e+00
5.781572819542984298e+00 0.000000000000000000e+00
5.812286319927502554e+00 0.000000000000000000e+00
5.843162979911547872e+00 0.000000000000000000e+00
5.874203666249301570e+00 0.000000000000000000e+00
5.905409250299412882e+00 0.000000000000000000e+00
5.936780608049450514e+00 0.000000000000000000e+00
5.968318620140516728e+00 0.000000000000000000e+00
6.000024171891935154e+00 0.000000000000000000e+00
6.031898153326123335e+00 0.000000000000000000e+00
6.063941459193568306e+00 0.000000000000000000e+00
6.096154988997965596e+00 0.000000000000000000e+00
6.128539647021432835e+00 0.000000000000000000e+00
6.161096342349920540e+00 0.000000000000000000e+00
6.193825988898718826e+00 0.000000000000000000e+00
6.226729505438137302e+00 0.000000000000000000e+00
6.259807815619255145e+00 0.000000000000000000e+00
6.293061847999881664e+00 0.000000000000000000e+00
6.326492536070603911e+00 0.000000000000000000e+00
6.360100818281017254e+00 0.000000000000000000e+00
6.393887638066034107e+00 0.000000000000000000e+00
6.427853943872388953e+00 0.000000000000000000e+00
6.462000689185253499e+00 0.000000000000000000e+00
6.496343790922177952e+00 0.000000000000000000e+00
6.530854375454818062e+00 0.000000000000000000e+00
6.565548290870656167e+00 0.000000000000000000e+00
6.600426511079973579e+00 0.000000000000000000e+00
6.635490015166749522e+00 0.000000000000000000e+00
6.670739787416163580e+00 0.000000000000000000e+00
6.706176817342215379e+00 0.000000000000000000e+00
6.741802099715528129e+00 0.000000000000000000e+00
6.777616634591234757e+00 0.000000000000000000e+00
6.813621427337076319e+00 0.000000000000000000e+00
6.849817488661610554e+00 0.000000000000000000e+00
6.886205834642613155e+00 0.000000000000000000e+00
6.922787486755555442e+00 0.000000000000000000e+00
6.959563471902312948e+00 0.000000000000000000e+00
6.996534822439969048e+00 0.000000000000000000e+00
7.033702576209831747e+00 0.000000000000000000e+00
7.071067776566520635e+00 0.000000000000000000e+00
7.108631472407282992e+00 0.000000000000000000e+00
7.146394718201425356e+00 0.000000000000000000e+00
7.184358574019944932e+00 0.000000000000000000e+00
7.222524105565239161e+00 0.000000000000000000e+00
7.260892384201052430e+00 0.000000000000000000e+00
7.299464486982540024e+00 0.000000000000000000e+00
7.338241496686524812e+00 0.000000000000000000e+00
7.377224501841856075e+00 0.000000000000000000e+00
7.416414596759992151e+00 0.000000000000000000e+00
7.455812881565698547e+00 0.000000000000000000e+00
7.495420462227973424e+00 0.000000000000000000e+00
7.535238450591037029e+00 0.000000000000000000e+00
7.575267964405576926e+00 0.000000000000000000e+00
7.615510127360112236e+00 0.000000000000000000e+00
7.655966069112561279e+00 0.000000000000000000e+00
7.696636925321916678e+00 0.000000000000000000e+00
7.737541654007697112e+00 0.000000000000000000e+00
7.778645864917623776e+00 0.000000000000000000e+00
7.819968434090430520e+00 0.000000000000000000e+00
7.861510521512644623e+00 0.000000000000000000e+00
7.903273293332997440e+00 0.000000000000000000e+00
7.945257921895182207e+00 0.000000000000000000e+00
7.987465585770722853e+00 0.000000000000000000e+00
8.029897469792082632e+00 0.000000000000000000e+00
8.072554765085916628e+00 0.000000000000000000e+00
8.115438669106538327e+00 0.000000000000000000e+00
8.158550385669480320e+00 0.000000000000000000e+00
8.201891124985321468e+00 0.000000000000000000e+00
8.245462103693650846e+00 0.000000000000000000e+00
8.289264544897244846e+00 0.000000000000000000e+00
8.333299678196352644e+00 0.000000000000000000e+00
8.377568739723251667e+00 0.000000000000000000e+00
8.422072972176930961e+00 0.000000000000000000e+00
8.466813624857977061e+00 0.000000000000000000e+00
8.511791953703669478e+00 0.000000000000000000e+00
8.557009221323189863e+00 0.000000000000000000e+00
8.602466697033097631e+00 0.000000000000000000e+00
8.648165656892944142e+00 0.000000000000000000e+00
8.694107383741133788e+00 0.000000000000000000e+00
8.740293167230873905e+00 0.000000000000000000e+00
8.786724303866417785e+00 0.000000000000000000e+00
8.833402097039442680e+00 0.000000000000000000e+00
8.880327857065669406e+00 0.000000000000000000e+00
8.927502901221593845e+00 0.000000000000000000e+00
8.974928553781500895e+00 0.000000000000000000e+00
9.022606146054625853e+00 0.000000000000000000e+00
9.070537016422544951e+00 0.000000000000000000e+00
9.118722510376715107e+00 0.000000000000000000e+00
9.167163980556262359e+00 0.000000000000000000e+00
9.215884007118647858e+00 0.000000000000000000e+00
9.264841629176013171e+00 0.000000000000000000e+00
9.314059329241699103e+00 0.000000000000000000e+00
9.363538488930403858e+00 0.000000000000000000e+00
9.413280497196408803e+00 0.000000000000000000e+00
9.463286750372525091e+00 0.000000000000000000e+00
9.513558652209324507e+00 0.000000000000000000e+00
9.564097613914524842e+00 0.000000000000000000e+00
9.614905054192647071e+00 0.000000000000000000e+00
9.665982399284771986e+00 0.000000000000000000e+00
9.717331083008632575e+00 0.000000000000000000e+00
9.768952546798828962e+00 0.000000000000000000e+00
9.820848239747338226e+00 0.000000000000000000e+00
9.873019618644130801e+00 0.000000000000000000e+00
9.925468148018106618e+00 0.000000000000000000e+00
9.978195300178185789e+00 0.000000000000000000e+00
1.003120255525467641e+01 0.000000000000000000e+00
1.008449140124076848e+01 0.000000000000000000e+00
1.013806333403433158e+01 0.000000000000000000e+00
1.019191985747992746e+01 0.000000000000000000e+00
1.024606248341097903e+01 0.000000000000000000e+00
1.030049273169226431e+01 0.000000000000000000e+00
1.035521213026251885e+01 0.000000000000000000e+00
1.041022221517739332e+01 0.000000000000000000e+00
1.046552453065251242e+01 0.000000000000000000e+00
1.052112062910687662e+01 0.000000000000000000e+00
1.057701207120638998e+01 0.000000000000000000e+00
1.063320042590772019e+01 0.000000000000000000e+00
1.068968727050229539e+01 0.000000000000000000e+00
1.074647419066062426e+01 0.000000000000000000e+00
1.080356278047676533e+01 0.000000000000000000e+00
1.086095464251311782e+01 0.000000000000000000e+00
1.091865138784536882e+01 0.000000000000000000e+00
1.097665463610775305e+01 0.000000000000000000e+00
1.103499142451599369e+01 0.000000000000000000e+00
1.109361270698334678e+01 0.000000000000000000e+00
1.115254540380762727e+01 0.000000000000000000e+00
1.121179116931806696e+01 0.000000000000000000e+00
1.127135166663222243e+01 0.000000000000000000e+00
1.133122856770262921e+01 0.000000000000000000e+00
1.139142355336376333e+01 0.000000000000000000e+00
1.145193831337920010e+01 0.000000000000000000e+00
1.151277454648907828e+01 0.000000000000000000e+00
1.157393396045774558e+01 0.000000000000000000e+00
1.163541827212175050e+01 0.000000000000000000e+00
1.169722920743797268e+01 0.000000000000000000e+00
1.175936850153214408e+01 0.000000000000000000e+00
1.182183789874749458e+01 0.000000000000000000e+00
1.188463915269374560e+01 0.000000000000000000e+00
1.194777402629635432e+01 0.000000000000000000e+00
1.201124429184595677e+01 0.000000000000000000e+00
1.207505173104816798e+01 0.000000000000000000e+00
1.213919813507355272e+01 0.000000000000000000e+00
1.220368530460795142e+01 0.000000000000000000e+00
1.226851504990296959e+01 0.000000000000000000e+00
1.233368919082686688e+01 0.000000000000000000e+00
1.239920955691557047e+01 0.000000000000000000e+00
1.246507798742409712e+01 0.000000000000000000e+00
1.253129633137812604e+01 0.000000000000000000e+00
1.259786644762595920e+01 0.000000000000000000e+00
1.266479020489065199e+01 0.000000000000000000e+00
1.273206948182251352e+01 0.000000000000000000e+00
1.279970616705180042e+01 0.000000000000000000e+00
1.286770215924178551e+01 0.000000000000000000e+00
1.293605936714199345e+01 0.000000000000000000e+00
1.300477970964185381e+01 0.000000000000000000e+00
1.307386511582449096e+01 0.000000000000000000e+00
1.314334778866279230e+01 0.000000000000000000e+00
1.321316931127623029e+01 0.000000000000000000e+00
1.328336174738129394e+01 0.000000000000000000e+00
1.335392706738502078e+01 0.000000000000000000e+00
1.342486725216182286e+01 0.000000000000000000e+00
1.349618429310916490e+01 0.000000000000000000e+00
1.356788019220339514e+01 0.000000000000000000e+00
1.363995696205601149e+01 0.000000000000000000e+00
1.371241662597009281e+01 0.000000000000000000e+00
1.378526121799716364e+01 0.000000000000000000e+00
1.385849278299422593e+01 0.000000000000000000e+00
1.393211337668121885e+01 0.000000000000000000e+00
1.400612506569867755e+01 0.000000000000000000e+00
1.408052992766579870e+01 0.000000000000000000e+00
1.415533005123869970e+01 0.000000000000000000e+00
1.423052753616911836e+01 0.000000000000000000e+00
1.430612449336329028e+01 0.000000000000000000e+00
1.438212304494127203e+01 0.000000000000000000e+00
1.445852532429643489e+01 0.000000000000000000e+00
1.453533347615543825e+01 0.000000000000000000e+00
1.461254965663835748e+01 0.000000000000000000e+00
1.469017603331926658e+01 0.000000000000000000e+00
1.476821478528704290e+01 0.000000000000000000e+00
1.484666810320658037e+01 0.000000000000000000e+00
1.492553818938023369e+01 0.000000000000000000e+00
1.500482725780969950e+01 0.000000000000000000e+00
1.508453753425809829e+01 0.000000000000000000e+00
1.516467125631253055e+01 0.000000000000000000e+00
1.524523067344681593e+01 0.000000000000000000e+00
1.532621804708470137e+01 0.000000000000000000e+00
1.540763565066329299e+01 0.000000000000000000e+00
1.548948576969691793e+01 0.000000000000000000e+00
1.557177070184123657e+01 0.000000000000000000e+00
1.565452880280095194e+01 0.000000000000000000e+00
1.573769049450862312e+01 0.000000000000000000e+00
1.582129396680609368e+01 0.000000000000000000e+00
1.590534156656831222e+01 0.000000000000000000e+00
1.598983565313752031e+01 0.000000000000000000e+00
1.607477859838954259e+01 8.509077957518755564e-02
1.616017278680031666e+01 8.931835772422205832e-02
1.624602061551286525e+01 9.369227927753871754e-02
1.633232449440457046e+01 9.815586563146495858e-02
1.641908684615483693e+01 1.026744773393576532e-01
1.650631010631307305e+01 1.073476653473198345e-01
1.659399672336709486e+01 1.123259254002425128e-01
1.668214915881182847e+01 1.177645791533360603e-01
1.677076988721843875e+01 1.237696066584931809e-01
1.685986139630374936e+01 1.302730973743263521e-01
1.694942618700014236e+01 1.371686721841046674e-01
1.703946677352568528e+01 1.443463837601677846e-01
1.712998568345476258e+01 1.516926354014657419e-01
1.722098545778903755e+01 1.590901673537719885e-01
1.731246865102871979e+01 1.664372780571737598e-01
1.740443783124434418e+01 1.737430204713954762e-01
1.749689558014881285e+01 1.810580504323356932e-01
1.758984449316990251e+01 1.884349030004261460e-01
1.768328717952306661e+01 1.959276389574232391e-01
1.777722626228476344e+01 2.035920838184526183e-01
1.787166437846600431e+01 2.114857701557277536e-01
1.796660417908644902e+01 2.196679673314332892e-01
1.806204832924876058e+01 2.281997116218779653e-01
1.815799950821348929e+01 2.371353024774894569e-01
1.825446040947420201e+01 2.465233845716794658e-01
1.835143374083316914e+01 2.564135728004173775e-01
1.844892222447732166e+01 2.668570183650636474e-01
1.854692859705471264e+01 2.779066216904099162e-01
1.864545560975127714e+01 2.896163193497007238e-01
1.874454918923798274e+01 3.020344825505375530e-01
1.884412602355290645e+01 3.151122291308926515e-01
1.894423184076476829e+01 3.287381184788805699e-01
1.904486945099411344e+01 3.427948900553618450e-01
1.914604167928966305e+01 3.571617491104768782e-01
1.924775136570771750e+01 3.717135367621157704e-01
1.935000136539179039e+01 3.863210357599242695e-01
1.945279454865283952e+01 4.008975851266037282e-01
1.955613380104976784e+01 4.155214952351990454e-01
1.966002202347048211e+01 4.303118776422339420e-01
1.976446213221327142e+01 4.453915612155621706e-01
1.986945705906875048e+01 4.608871572724645427e-01
1.997500975140205526e+01 4.769297248275959356e-01
2.008112317223568510e+01 4.936536485093747095e-01
2.018780030033259010e+01 5.111979017410579473e-01
2.029504413027986232e+01 5.297006518003043452e-01
2.040285767257273264e+01 5.492077953446938832e-01
2.051124395369915021e+01 5.696799049073587584e-01
2.062020601622466032e+01 5.910730504035758281e-01
2.072974691887789689e+01 6.133420088547073545e-01
2.083986973663636633e+01 6.364392018220063063e-01
2.095057756081285305e+01 6.603159039404117303e-01
2.106187349914208795e+01 6.849213846366162262e-01
2.117376067586810962e+01 7.102035049865518257e-01
2.128624223183186004e+01 7.361457337646206689e-01
2.139932132455943403e+01 7.627747427428692717e-01
2.151300112835063771e+01 7.901213305016335786e-01
2.162728483436819715e+01 8.182166324975665983e-01
2.174217565072721214e+01 8.470927745146092924e-01
2.185767680258534185e+01 8.767828911548426474e-01
2.197379153223323200e+01 9.073207051091036757e-01
2.209052309918561718e+01 9.387429644463606282e-01
2.220787478027274275e+01 9.711148315416786581e-01
2.232590127696069970e+01 1.004524681026173649e+00
2.244450335962180887e+01 1.039057285227045435e+00
2.256373549317478222e+01 1.074806843053115912e+00
2.268360102464457029e+01 1.111868007592367480e+00
2.280410331883649633e+01 1.150337485128450243e+00
2.292524575843082246e+01 1.190315669423399392e+00
2.304703174407760358e+01 1.231904179026499957e+00
2.316946469449224111e+01 1.275144696056256466e+00
2.329254804655137079e+01 1.319949566317347944e+00
2.341628525538941830e+01 1.366212391734478393e+00
2.354067979449550663e+01 1.413822860980465279e+00
2.366573515581104914e+01 1.462666914396042239e+00
2.379145484982768366e+01 1.512626439657060562e+00
2.391784240568591713e+01 1.563578719802664940e+00
2.404490137127409000e+01 1.615398029069703645e+00
2.417263531332805826e+01 1.668069925654585450e+00
2.430104781753126986e+01 1.721839078608225826e+00
2.443014248861540239e+01 1.776994574006984795e+00
2.455992295046163676e+01 1.833833204487413937e+00
2.469039284620227548e+01 1.892661569035984037e+00
2.482155583832311052e+01 1.953795506928780235e+00
2.495341560876614295e+01 2.017560258954661290e+00
2.508597585903303440e+01 2.084290881626032821e+00
2.521924031028892443e+01 2.154304678180229082e+00
2.535321270346696920e+01 2.227586509873284992e+00
2.548789679937327790e+01 2.303889733298485787e+00
2.562329637879256694e+01 2.382954264045447079e+00
2.575941524259420135e+01 2.464510930614701056e+00
2.589625721183898577e+01 2.548281310694909152e+00
2.603382612788633210e+01 2.633977565254125519e+00
2.617212585250219092e+01 2.721301746978205482e+00
2.631116026796734886e+01 2.809945089790029105e+00
2.645093327718652887e+01 2.899625368458363273e+00
2.659151003294194737e+01 2.990489195757661367e+00
2.673277234669521008e+01 3.082924891555808955e+00
2.687478508948625233e+01 3.177365528952325047e+00
2.701755224782586851e+01 3.274243648137892926e+00
2.716107782940246551e+01 3.374011558447381987e+00
2.730536586319447778e+01 3.477130821897257196e+00
2.745042039958358160e+01 3.584077864681829872e+00
2.759624551046826468e+01 3.695347005317580091e+00
2.774284528937825556e+01 3.811245503026090109e+00
2.789022385158932948e+01 3.931523093060208751e+00
2.803838533423892798e+01 4.055816926883929696e+00
2.818733389644217979e+01 4.183744495846885236e+00
2.833707371940878517e+01 4.314923053450211654e+00
2.848760900656026962e+01 4.448946932446226299e+00
2.863894398364807259e+01 4.585398504588282798e+00
2.879108289887208372e+01 4.723845102683219110e+00
2.894403002299999628e+01 4.863844531557990791e+00
2.909778964948708335e+01 5.005256286556520884e+00
2.925236609459684090e+01 5.148665077760848696e+00
2.940776369752202513e+01 5.294788452776857390e+00
2.956398682050658877e+01 5.444355992930391075e+00
2.972103984896800810e+01 5.598130237584248547e+00
2.987892719162050881e+01 5.756889429825569948e+00
3.003765328059871109e+01 5.921436734286890768e+00
3.019722257158217005e+01 6.092606724653704120e+00
3.035763954392031039e+01 6.271244747815605258e+00
3.051890870075832396e+01 6.458017765332236593e+00
3.068103456916342253e+01 6.652645428218128210e+00
3.084402170025207468e+01 6.854584149729479492e+00
3.100787466931760150e+01 7.063271367773989340e+00
3.117259807595878840e+01 7.278115853578705163e+00
3.133819654420881662e+01 7.498515922147961810e+00
3.150467472266523572e+01 7.723840427914749895e+00
3.167203728462031975e+01 7.953443996469112598e+00
3.184036224325143039e+01 8.186676130644507055e+00
3.200950808098880884e+01 8.423116396365335490e+00
3.217955247365484439e+01 8.663095936895588878e+00
3.235050019465082727e+01 8.907047043343116144e+00
3.252235604273581515e+01 9.155404224182206008e+00
3.269512484216140535e+01 9.408617224604071794e+00
3.286881144280700795e+01 9.667154600521731922e+00
3.304342072031622735e+01 9.931494183935452469e+00
3.321895757623346412e+01 1.020212652531463959e+01
3.339542693814173902e+01 1.047956178267083516e+01
3.357283375980082241e+01 1.076427303781925815e+01
3.375118302128647940e+01 1.105665467461060381e+01
3.393047972913008437e+01 1.135708802520739624e+01
3.411072891645932970e+01 1.166596821054294786e+01
3.429193564313938936e+01 1.198370440936782799e+01
3.447410499591504163e+01 1.231070289404126150e+01
3.465724208855338162e+01 1.264739804089160913e+01
3.484135206198742907e+01 1.299422161692645972e+01
3.502644008446045376e+01 1.335162361647522467e+01
3.521251135167096891e+01 1.371997756299242788e+01
3.539957108691874055e+01 1.409925268872355986e+01
3.558762454125120911e+01 1.448930204127299959e+01
3.577667699361108333e+01 1.488997032899268014e+01
3.596673375098438896e+01 1.530108656256515864e+01
3.615780014854954771e+01 1.572248177547374048e+01
3.634988154982704600e+01 1.615397460045885936e+01
3.654298334683010552e+01 1.659537465624599761e+01
3.673711096021592226e+01 1.704649339427157528e+01
3.693226983943797848e+01 1.750725131819671176e+01
3.712846546289884486e+01 1.797762154136835022e+01
3.732570333810412677e+01 1.845757896354416161e+01
3.752398900181696462e+01 1.894708532905884368e+01
3.772332802021353615e+01 1.944611530345673955e+01
3.792381331174586734e+01 1.995466486360382419e+01
3.812527632035753555e+01 2.047260619169639284e+01
3.832780956269032657e+01 2.099993717395054560e+01
3.853141872415625357e+01 2.153660861543061600e+01
3.873610952037007138e+01 2.208278590286827381e+01
3.894188769730956778e+01 2.263910395834587064e+01
3.914875903147702729e+01 2.320626861422718434e+01
3.935672933006121355e+01 2.378499929457358064e+01
3.956580443110055256e+01 2.437604897299141982e+01
3.977599020364684179e+01 2.498017703167959525e+01
3.998729254793018839e+01 2.559817722543938245e+01
4.019971739552445911e+01 2.623085427679281167e+01
4.041327070951395228e+01 2.687903608463470917e+01
4.062795848466062409e+01 2.754335474025345931e+01
4.084378674757255823e+01 2.822389394020096276e+01
4.106076155687294715e+01 2.892067520382555657e+01
4.127888900337033817e+01 2.963370162662953433e+01
4.149817521022945499e+01 3.036297815570362957e+01
4.171862633314326274e+01 3.110849914420290574e+01
4.194024856050556593e+01 3.187026067233278681e+01
4.216304811358491378e+01 3.264828169798465751e+01
4.238703124669907396e+01 3.344317267330183796e+01
4.261220424739078538e+01 3.425610013719231262e+01
4.283857343660402961e+01 3.508828727217112231e+01
4.306614516886171629e+01 3.594099356895259945e+01
4.329492583244383752e+01 3.681550681068971187e+01
4.352492184956700783e+01 3.771316525726768987e+01
4.375613967656452985e+01 3.863532802091840779e+01
4.398858580406785279e+01 3.958339726616385690e+01
4.422226675718854949e+01 4.055880131226286522e+01
4.445718909570171462e+01 4.156164791270956016e+01
4.469335941422988867e+01 4.258952678386760482e+01
4.493078434242838881e+01 4.363969376127026578e+01
4.516957455184049053e+01 4.470940047717870414e+01
4.540952928192309201e+01 4.579551028081943542e+01
4.565075872563895842e+01 4.689501580546497905e+01
4.589326965466054986e+01 4.800486488474113145e+01
4.613706887663361300e+01 4.912172199933191763e+01
4.638216323536815366e+01 5.024236515279490334e+01
4.662855961103066704e+01 5.136709372438242838e+01
4.687626492033713532e+01 5.250019792788966555e+01
4.712528611674738244e+01 5.364648320958288252e+01
4.737563019066004699e+01 5.481085634404261242e+01
4.762730416960902602e+01 5.599842203237201232e+01
4.788031511846053689e+01 5.721429526891370898e+01
4.813467013961167851e+01 5.846393713954109472e+01
4.839037637318953955e+01 5.975272708787267817e+01
4.864744099725189841e+01 6.108294310217441137e+01
4.890587122798847020e+01 6.245294427575495888e+01
4.916567431992370985e+01 6.386095021442867647e+01
4.942685756612028314e+01 6.530498842494858991e+01
4.968942829838382380e+01 6.678303883788254325e+01
4.995339388746890563e+01 6.829308310573867402e+01
5.021876174328566833e+01 6.983290439240772685e+01
5.048553931510813442e+01 7.140028465825660930e+01
5.075373409178303774e+01 7.299305604985462992e+01
5.102335360194030045e+01 7.460966415474123892e+01
5.129440541420413524e+01 7.624959529786318058e+01
5.156689713740573922e+01 7.791221861731777665e+01
5.184083642079664855e+01 7.959688680801896510e+01
5.211623095426371322e+01 8.130298800804193604e+01
5.239308846854471113e+01 8.302989455743775693e+01
5.267141673544561797e+01 8.477680476378587571e+01
5.295122356805850217e+01 8.654316209229341439e+01
5.323251682098113235e+01 8.833201557709689666e+01
5.351530439053718879e+01 9.015123959264626308e+01
5.379959421499819427e+01 9.200935721675105583e+01
5.408551881117209348e+01 9.391528474513306435e+01
5.437283779073913337e+01 9.587758229857077197e+01
5.466168309746057474e+01 9.790585247625598697e+01
5.495206283965758587e+01 1.000095671485320992e+02
5.524398516872534515e+01 1.021975607271652535e+02
5.553745827936169377e+01 1.044647371993972058e+02
5.583249040979730182e+01 1.067953268385424934e+02
5.612908984202676521e+01 1.091726513572576494e+02
5.642726490204132261e+01 1.115797250354157200e+02
5.672702396006231851e+01 1.139988542582370883e+02
5.702837543077642124e+01 1.164117946533421843e+02
5.733132777357158716e+01 1.187997414906118649e+02
5.763588949277479401e+01 1.211525416981658907e+02
5.794206913789049906e+01 1.234842836004598041e+02
5.824987530384085943e+01 1.258135561695140581e+02
5.855931663120684760e+01 1.281594068200614345e+02
5.887040180647095866e+01 1.305417015225445709e+02
5.918313956226083405e+01 1.329807268754680933e+02
5.949753867759466885e+01 1.354975526729617172e+02
5.981360797812740770e+01 1.381137479604466591e+02
6.013135633639868871e+01 1.408390614975496646e+02
6.045079267208171814e+01 1.436585280487392993e+02
6.077192595223387883e+01 1.465539910827760650e+02
6.109476519154821261e+01 1.495065272693674103e+02
6.141931945260671455e+01 1.524966156245298237e+02
6.174559784613447988e+01 1.555040653339672474e+02
6.207360953125574099e+01 1.585080656185380974e+02
6.240336371575067886e+01 1.614892343211673449e+02
6.273486965631418144e+01 1.644514934755812590e+02
6.306813665881541908e+01 1.674146841015088114e+02
6.340317407855935983e+01 1.703994541075284985e+02
6.373999132054909467e+01 1.734270828644986580e+02
6.407859783975015944e+01 1.765196202986819856e+02
6.441915147176273138e+01 1.797002507306013115e+02
6.476136589943719457e+01 1.829914640423290280e+02
6.510539827584017303e+01 1.864098414487839079e+02
6.545125825847672729e+01 1.899442639566940443e+02
6.579895555615564717e+01 1.935772372984320668e+02
6.614849992926178857e+01 1.972908115730201644e+02
6.649990119003035716e+01 2.010663747422269978e+02
6.685316920282201636e+01 2.048847070963810211e+02
6.720831388440011267e+01 2.087259704732844057e+02
6.756534520420873946e+01 2.125695622033528593e+02
6.792427318465293240e+01 2.164029985312791098e+02
6.828510790137966069e+01 2.202377051057590904e+02
6.864785948356102097e+01 2.240900909222865209e+02
6.901253811417821282e+01 2.279767775442955724e+02
6.937915403030775963e+01 2.319152938976524467e+02
6.974771752340851094e+01 2.359233982158673939e+02
7.011823893961093290e+01 2.400179573292794259e+02
7.049072868000716596e+01 2.441990576257457803e+02
7.086519720094320007e+01 2.484562868595920690e+02
7.124165501431242831e+01 2.527787854219232031e+02
7.162011268785056473e+01 2.571553091309111210e+02
7.200058084543253756e+01 2.615742941806716431e+02
7.238307016737043398e+01 2.660236347574530100e+02
7.276759139071357652e+01 2.705037701377313510e+02
7.315415530954970791e+01 2.750436032038940652e+02
7.354277277530819390e+01 2.796772078999023279e+02
7.393345469706444817e+01 2.844395224483701554e+02
7.432621204184637520e+01 2.893668087213163176e+02
7.472105583494197845e+01 2.944961546148051639e+02
7.511799716020915696e+01 2.998621807398900501e+02
7.551704716038652521e+01 3.054481051213035130e+02
7.591821703740653504e+01 3.111990205956294062e+02
7.632151805270956402e+01 3.170574452261798228e+02
7.672713819812167912e+01 3.229646271861019500e+02
7.713473645245574062e+01 3.288577009513923599e+02
7.754449999459846765e+01 3.346774868511872683e+02
7.795644032722746886e+01 3.404218986626240735e+02
7.837056901412603338e+01 3.461407812055017530e+02
7.878689768050794839e+01 3.518871029139178859e+02
7.920543801334359557e+01 3.577158365214157243e+02
7.962620176168830710e+01 3.636835195333087540e+02
8.004920073701184435e+01 3.712336117635425694e+02
8.047444681353033502e+01 3.775197130304632083e+02
8.090195192853923345e+01 3.838960231932563261e+02
8.133172808274875365e+01 3.903637473606370349e+02
8.176378734062042497e+01 3.969238591570012886e+02
8.219814183070612046e+01 4.035774231381028585e+02
8.263480374598807998e+01 4.103255144100124880e+02
8.307378534422170446e+01 4.171692187233031746e+02
8.351509894827911751e+01 4.241097160831089923e+02
8.395875694649555498e+01 4.311481151456509906e+02
8.440477179301676358e+01 4.382854511082700242e+02
8.485315600814890047e+01 4.455228532712819174e+02
8.530392217870966931e+01 4.528615473662560476e+02
8.575708295838204265e+01 4.603026006495259708e+02
8.621265106806907852e+01 4.678471761083031311e+02
8.667063929625139451e+01 4.754964481565020264e+02
8.713106049934575026e+01 4.832516898672223533e+02
8.759392760206637263e+01 4.911139250136367878e+02
8.805925359778736095e+01 4.990845376315660360e+02
8.852705154890784911e+01 5.071644846866207104e+02
8.899733458721823354e+01 5.153551744448474210e+02
8.947011591426924326e+01 5.236578520323081420e+02
8.994540880174216113e+01 5.320735948386553673e+02
9.042322659182171662e+01 5.406036695392791671e+02
9.090358269757020082e+01 5.492494460528159834e+02
9.138649060330452301e+01 5.580120345186477380e+02
9.187217540823219508e+01 5.668941347025329378e+02
9.236022877758335881e+01 5.758944733786958068e+02
9.285087483716178269e+01 5.850154791920228945e+02
9.334412736013860012e+01 5.942584915512702537e+02
9.384000019285244321e+01 6.036248628405214731e+02
9.433850725519779701e+01 6.131158641947922661e+02
9.483966254101609650e+01 6.227327779489684190e+02
9.534348011848823035e+01 6.324770884141315719e+02
9.584997413052974480e+01 6.423501036326407529e+02
9.635915879518756810e+01 6.523530467899604446e+02
9.687104840603947764e+01 6.624874412310788330e+02
9.738565733259494550e+01 6.727545339308510393e+02
9.790300002069892571e+01 6.831557773964345870e+02
9.842309099293693464e+01 6.936925396653159623e+02
9.894594484904315834e+01 7.043662007590490930e+02
9.947157626630992411e+01 7.151782522501084713e+02
1.000000000000000000e+02 7.261300000000001091e+02
