4.999999950079739852e-01 6.894683431163122107e-03
5.026561494002576014e-01 6.941005350696614201e-03
5.053264141049929048e-01 6.987604132255259386e-03
5.080108640805183207e-01 7.034479268052800174e-03
5.107095746833729688e-01 7.081632768468216176e-03
5.134226216704131929e-01 7.129066148799435322e-03
5.161500812009390815e-01 7.176780415803991724e-03
5.188920298388336461e-01 7.224777610700105004e-03
5.216485445547095479e-01 7.273060314972442687e-03
5.244197027280715906e-01 7.321627469050968895e-03
5.272055821494878725e-01 7.370483237629589339e-03
5.300062610227755933e-01 7.419626548871768694e-03
5.328218179671931898e-01 7.469062143667763720e-03
5.356523320196493465e-01 7.518787874946218641e-03
5.384978826369208882e-01 7.568807447598038807e-03
5.413585496978848832e-01 7.619122454414907486e-03
5.442344135057582966e-01 7.669734496150254661e-03
5.471268145949504946e-01 7.720661317637877996e-03
5.500333212074142164e-01 7.771870722596301538e-03
5.529552680806418818e-01 7.823381995982760587e-03
5.558927372380672027e-01 7.875196214731074174e-03
5.588458111388572291e-01 7.927313893259605240e-03
5.618145726802290518e-01 7.979738339394788424e-03
5.647991051997738321e-01 8.032471210312247881e-03
5.677994924777982622e-01 8.085513035840706172e-03
5.708158187396754624e-01 8.138864900783370632e-03
5.738481686582114216e-01 8.192530181341075787e-03
5.768966273560180991e-01 8.246509990783098751e-03
5.799612804079063988e-01 8.300805438520157328e-03
5.830422138432856949e-01 8.355418796063747780e-03
5.861395141485824523e-01 8.410350597175019968e-03
5.892532682696638435e-01 8.465604305385390424e-03
5.923835636142807948e-01 8.521179875741259277e-03
5.955304880545205792e-01 8.577079020705211457e-03
5.986941299292761753e-01 8.633305855841787169e-03
6.018745780467220641e-01 8.689860342841949914e-03
6.050719216868097883e-01 8.746743018903390537e-03
6.082862506037729489e-01 8.803958662049886016e-03
6.115176550286494095e-01 8.861506008126088241e-03
6.147662256718099405e-01 8.919387425522409818e-03
6.180320537255077351e-01 8.977607158231117740e-03
6.213152308664366963e-01 9.036163298205262401e-03
6.246158492583073762e-01 9.095060737995128847e-03
6.279340015544307985e-01 9.154299421489179786e-03
6.312697809003213756e-01 9.213881786636882523e-03
6.346232809363108185e-01 9.273809658910720302e-03
6.379945958001790318e-01 9.334084872659747720e-03
6.413838201297928920e-01 9.394708629764169511e-03
6.447910490657656757e-01 9.455683417010959935e-03
6.482163782541267016e-01 9.517011743772080951e-03
6.516614043531141487e-01 9.578715591367054083e-03
6.551232309905856699e-01 9.640753504740365992e-03
6.586034479202970138e-01 9.703151251330453114e-03
6.621021528371614506e-01 9.765908763229512804e-03
6.656194439550759956e-01 9.829027936590292031e-03
6.691554200096806460e-01 9.892511345835871758e-03
6.727101802611290537e-01 9.956360243341585634e-03
6.762838244968775170e-01 1.002057722906152595e-02
6.798764530344819645e-01 1.008516424667550704e-02
6.834881667244169234e-01 1.015012256576045338e-02
6.871190669529059214e-01 1.021545482503327662e-02
6.907692556447664334e-01 1.028116230562318295e-02
6.944388352662743680e-01 1.034724628348695358e-02
6.981279088280358813e-01 1.041371151989409390e-02
7.018365798878822837e-01 1.048055793194841920e-02
7.055649525537748268e-01 1.054778681300645379e-02
7.093131314867309190e-01 1.061540228823441324e-02
7.130812219037575561e-01 1.068340497207997605e-02
7.168693295808075128e-01 1.075179689229462110e-02
7.206775608557471902e-01 1.082058080697837800e-02
7.245060226313452256e-01 1.088975805024463075e-02
7.283548223782682074e-01 1.095933140739533199e-02
7.322240681381009253e-01 1.102930222455463308e-02
7.361138685263777237e-01 1.109967184224503953e-02
7.400243327356343936e-01 1.117044529534457972e-02
7.439555705384691686e-01 1.124162173977872464e-02
7.479076922906265912e-01 1.131320551392647235e-02
7.518808089340943690e-01 1.138519725431465061e-02
7.558750320002211032e-01 1.145759757581120593e-02
7.598904736128412329e-01 1.153041239047800787e-02
7.639272464914270699e-01 1.160364158956442467e-02
7.679854639542503802e-01 1.167728733013066733e-02
7.720652399215671702e-01 1.175135177944747721e-02
7.761666889188105767e-01 1.182583866737166832e-02
7.802917227658289212e-01 1.190077526810759401e-02
7.844368733805883176e-01 1.197611070481120754e-02
7.886040443155917234e-01 1.205187442862289300e-02
7.927933525495809430e-01 1.212806867120811913e-02
7.970049156827242465e-01 1.220469487782777605e-02
8.012388519399206155e-01 1.228175528869043798e-02
8.054952801741139812e-01 1.235925296005386913e-02
8.097743198696324418e-01 1.243719016611490730e-02
8.140760911455412474e-01 1.251556919184745008e-02
8.184007147590171005e-01 1.259439151464652844e-02
8.227483121087341145e-01 1.267365942813179422e-02
8.271190052382744184e-01 1.275337606381513056e-02
8.315129168395524184e-01 1.283354458160123127e-02
8.359301702562623726e-01 1.291416566227465007e-02
8.403708894873357371e-01 1.299524332376531498e-02
8.448351991904258229e-01 1.307677571682261224e-02
8.493232246854045542e-01 1.315877110559457094e-02
8.538350919578845399e-01 1.324122935282300018e-02
8.583709276627501383e-01 1.332415113685058924e-02
8.629308591277166096e-01 1.340754142547118458e-02
8.675150143569024808e-01 1.349140178246037609e-02
8.721235220344261130e-01 1.357573463679744540e-02
8.767565115280133714e-01 1.366054330563334571e-02
8.814141128926318292e-01 1.374582849196905737e-02
8.860964568741408476e-01 1.383159353129345161e-02
8.908036749129643050e-01 1.391783911692043817e-02
8.955358991477758712e-01 1.400457308019634542e-02
9.002932624192117039e-01 1.409179347476706423e-02
9.050758982735971347e-01 1.417950370138445527e-02
9.098839409666997780e-01 1.426770537185880101e-02
9.147175254674925204e-01 1.435640283461232444e-02
9.195767874619461546e-01 1.444559956905215083e-02
9.244618633568372212e-01 1.453529446386042125e-02
9.293750302462031598e-01 1.462552745285795701e-02
9.343121574328300261e-01 1.471623213408051155e-02
9.392755121638417526e-01 1.480744456966043635e-02
9.442652337680562669e-01 1.489916830928891302e-02
9.492814623144459896e-01 1.499140598557371050e-02
9.543243386160742414e-01 1.508415833481593221e-02
9.593940042340455276e-01 1.517743182151579974e-02
9.644906014814838002e-01 1.527122625240481812e-02
9.696142734275214892e-01 1.536554332477652572e-02
9.747651639013189540e-01 1.546039057629333864e-02
9.799434174961019206e-01 1.555576390112865803e-02
9.851491795732190138e-01 1.565167285292352883e-02
9.903825962662256011e-01 1.574811724006348890e-02
9.956438144849815153e-01 1.584509881233515244e-02
1.000932981919777420e+00 1.594262031210255323e-02
1.006250247045479496e+00 1.604068550066434229e-02
1.011595759125702099e+00 1.613930019662767126e-02
1.016969668216989975e+00 1.623846216028511716e-02
1.022372125173035995e+00 1.633817723637922756e-02
1.027803281648913103e+00 1.643844723633137647e-02
1.033263290105336685e+00 1.653927706279983978e-02
1.038752303812936706e+00 1.664066752051301251e-02
1.044270476856565155e+00 1.674262042789453550e-02
1.049817964139619919e+00 1.684513969408851786e-02
1.055394921388395968e+00 1.694823137448774053e-02
1.061001505156451641e+00 1.705189417813395350e-02
1.066637872829007128e+00 1.715613420432232292e-02
1.072304182627360047e+00 1.726095012752448463e-02
1.078000593613333002e+00 1.736635024697901278e-02
1.083727265693729125e+00 1.747233431987480282e-02
1.089484359624828036e+00 1.757890858542049406e-02
1.095272037016894906e+00 1.768607169907993742e-02
1.101090460338722155e+00 1.779382884408029636e-02
1.106942341748183400e+00 1.790222648542869402e-02
1.112822761332970867e+00 1.801118328477863129e-02
1.118734419522688928e+00 1.812074215339227676e-02
1.124677482266452699e+00 1.823090951979097069e-02
1.130652116394952778e+00 1.834168511432029622e-02
1.136658489625133939e+00 1.845307429320981046e-02
1.142696770564908926e+00 1.856508018975616681e-02
1.148767128717884223e+00 1.867770365431675045e-02
1.154869734488123134e+00 1.879095127743111993e-02
1.161004759184926183e+00 1.890482509356486776e-02
1.167172375027646591e+00 1.901932596030850298e-02
1.173372755150515090e+00 1.913446174071864458e-02
1.179606073607506689e+00 1.925023333444599027e-02
1.185872505377223884e+00 1.936664279223116250e-02
1.192172226367812726e+00 1.948369573114592038e-02
1.198505413421894428e+00 1.960139184127344600e-02
1.204872244321533836e+00 1.971974039060869766e-02
1.211272897793227443e+00 1.983873867722034043e-02
1.217707553512926477e+00 1.995839728113435116e-02
1.224176392111072431e+00 2.007871103824408754e-02
1.230679595177672114e+00 2.019969061739138733e-02
1.237217345267394020e+00 2.032133448697199390e-02
1.243789825904696666e+00 2.044364848908897248e-02
1.250397221588974261e+00 2.056663603326762402e-02
1.257039717799738776e+00 2.069030054487238160e-02
1.263717501001826227e+00 2.081464293773604285e-02
1.270430758650635150e+00 2.093967425139922275e-02
1.277179679197380846e+00 2.106538782246553804e-02
1.283964452094391362e+00 2.119179604684881882e-02
1.290785267800422575e+00 2.131889732810649668e-02
1.297642317786009691e+00 2.144669776281530119e-02
1.304535794538835169e+00 2.157519960516736390e-02
1.311465891569136843e+00 2.170440772114438574e-02
1.318432803415137800e+00 2.183432438415507104e-02
1.325439777582867906e+00 2.196500375797420454e-02
1.332480923027035580e+00 2.209635259411364336e-02
1.339559473210371499e+00 2.222842083378298583e-02
1.346675626838405249e+00 2.236120807471813146e-02
1.353829583672246706e+00 2.249473144535209940e-02
1.361021544534200878e+00 2.262898251853001294e-02
1.368251711313400065e+00 2.276396767607624660e-02
1.375520286971479322e+00 2.289969474998806986e-02
1.382827475548263685e+00 2.303616614566983758e-02
1.390173482167502250e+00 2.317338425693912796e-02
1.397558513042625572e+00 2.331135146571070016e-02
1.404982775482531698e+00 2.345007576160751395e-02
1.412446477897411068e+00 2.358955676644615418e-02
1.419949829804590280e+00 2.372980396974196798e-02
1.427493041834417831e+00 2.387081557920525329e-02
1.435076325736173608e+00 2.401260118030287480e-02
1.442699894384020576e+00 2.415515895646911868e-02
1.450363961782969335e+00 2.429849713969160080e-02
1.458068743074893758e+00 2.444261969794088440e-02
1.465814454544565271e+00 2.458752622028244697e-02
1.473601313625732434e+00 2.473322653616358627e-02
1.481429538907213628e+00 2.487972024822330749e-02
1.489299350139040579e+00 2.502701581947446366e-02
1.497210968238622764e+00 2.517511284294582721e-02
1.505164615296956887e+00 2.532401986638209077e-02
1.513160514584849903e+00 2.547374252564891042e-02
1.521198890559194883e+00 2.562427433850372749e-02
1.529279968869266870e+00 2.577563155529927555e-02
1.537403976363064029e+00 2.592781533026280311e-02
1.545571141093667666e+00 2.608082522679785326e-02
1.553781692325647779e+00 2.623467160590316552e-02
1.562035860541497234e+00 2.638935248330360334e-02
1.570333877448108595e+00 2.654487989503426237e-02
1.578679611023222185e+00 2.670131333696346837e-02
1.587066044672607035e+00 2.685853921681799136e-02
1.595497029647584997e+00 2.701661821389780144e-02
1.603972802618555349e+00 2.717556263606768496e-02
1.612493601513184993e+00 2.733536240637985879e-02
1.621059665523084226e+00 2.749603958181981792e-02
1.629671235110528249e+00 2.765759054229425390e-02
1.638328552015197559e+00 2.782001479306102712e-02
1.647031859260969400e+00 2.798332493175019475e-02
1.655781401162737865e+00 2.814752381610340776e-02
1.664577423333277517e+00 2.831261262538172646e-02
1.673420172690129659e+00 2.847860252971550973e-02
1.682309897462538784e+00 2.864549140360583834e-02
1.691246847198418557e+00 2.881328545662746599e-02
1.700231272771363322e+00 2.898199265530865265e-02
1.709263426387680029e+00 2.915161422253543730e-02
1.718343561593475233e+00 2.932215820374338075e-02
1.727471933281769401e+00 2.949362582883642905e-02
1.736648797699657631e+00 2.966602522289676913e-02
1.745874412455494573e+00 2.983936111456769388e-02
1.755149036526131523e+00 3.001363649952408508e-02
1.764472930264182393e+00 3.018885435841865000e-02
1.773846355405340525e+00 3.036502652571165806e-02
1.783269575075714819e+00 3.054215074233967639e-02
1.792742853799222491e+00 3.072023896276099633e-02
1.802266457505012465e+00 3.089928889772286524e-02
1.811840653534936507e+00 3.107930718733493275e-02
1.821465710651043235e+00 3.126030599682971811e-02
1.831141899043130294e+00 3.144228118860372539e-02
1.840869490336325187e+00 3.162524318140575580e-02
1.850648757598717165e+00 3.180919698189151046e-02
1.860479975349012660e+00 3.199414575976396863e-02
1.870363419564247343e+00 3.218009453918222601e-02
1.880303697241810346e+00 3.236712477598864546e-02
1.890292451190050516e+00 3.255509294809275089e-02
1.900334268484166644e+00 3.274407827796452231e-02
1.910429431013037638e+00 3.293408400417685566e-02
1.920578222163030091e+00 3.312511718998842336e-02
1.930780926825939492e+00 3.331718882493231448e-02
1.941037831406997372e+00 3.351029257660968763e-02
1.951349223832905544e+00 3.370444530674699540e-02
1.961715393559927856e+00 3.389964060882102309e-02
1.972136631582003030e+00 3.409589551746124853e-02
1.982613230438921681e+00 3.429321148157126603e-02
1.993145484224536412e+00 3.449158989163595562e-02
2.003733688595013884e+00 3.469104410111688297e-02
2.014378140777144832e+00 3.489157355785195425e-02
2.025079139576675402e+00 3.509318570775381979e-02
2.035836985386699105e+00 3.529588806502701598e-02
2.046651980196091181e+00 3.549968411954030484e-02
2.057524427597989369e+00 3.570457734383387927e-02
2.068454632798307546e+00 3.591057739801718079e-02
2.079442902624308420e+00 3.611768781746391155e-02
2.090489545533213533e+00 3.632592048181290667e-02
2.101594871620871885e+00 3.653527271905714080e-02
2.112759192630449867e+00 3.674575226978253617e-02
2.123982821961193146e+00 3.695737119355788775e-02
2.135266074677217851e+00 3.717013103560869863e-02
2.146609267516364827e+00 3.738403542480256414e-02
2.158012718899078308e+00 3.759909444560757819e-02
2.169476748937350763e+00 3.781530962322512956e-02
2.181001679443708596e+00 3.803269550443832969e-02
2.192587833940249809e+00 3.825124711527409099e-02
2.204235537667716738e+00 3.847097911567096129e-02
2.215945117594633640e+00 3.869189086832132418e-02
2.227716902426478018e+00 3.891399721729428551e-02
2.239551222614921677e+00 3.913729978631928785e-02
2.251453594524605695e+00 3.936189527009593958e-02
2.263414011352255617e+00 3.958761127304745442e-02
2.275437965607922219e+00 3.981453951548764858e-02
2.287525794822044656e+00 4.004268382072672522e-02
2.299677838318128220e+00 4.027206179012978587e-02
2.311894437222268728e+00 4.050267280256729385e-02
2.324175934472735960e+00 4.073452541662846843e-02
2.336522674829585533e+00 4.096762593311992218e-02
2.348935004884348920e+00 4.120197833378492352e-02
2.361413273069754570e+00 4.143759366469380173e-02
2.373957829669522290e+00 4.167447360617401730e-02
2.386569026828178508e+00 4.191262692802811413e-02
2.399247218560953687e+00 4.215206488000620283e-02
2.411992760763713051e+00 4.239278678437750220e-02
2.424806011222959246e+00 4.263480638995070793e-02
2.437687329625857657e+00 4.287812544204937237e-02
2.450637077570348321e+00 4.312274561413512175e-02
2.463655618575286255e+00 4.336868575216077520e-02
2.476743318090660395e+00 4.361595013372678714e-02
2.489900543507834296e+00 4.386453554666827626e-02
2.503127664169870314e+00 4.411446112762645172e-02
2.516425051381891986e+00 4.436572617853627720e-02
2.529793078421520125e+00 4.461834758246134569e-02
2.543232120549332009e+00 4.487231703703011693e-02
2.556742555019408947e+00 4.512765407349977193e-02
2.570324761089917587e+00 4.538436567442653835e-02
2.583979120033772059e+00 4.564245110400213384e-02
2.597706015149315650e+00 4.590191988624105907e-02
2.611505831771094854e+00 4.616278163291562958e-02
2.625378957280668057e+00 4.642504604442741767e-02
2.639325781117494163e+00 4.668871763203571307e-02
2.653346694789844751e+00 4.695380088522964346e-02
2.667442091885808164e+00 4.722031360834577640e-02
2.681618542732105759e+00 4.748835907751310786e-02
2.695864128615748534e+00 4.775772907742763945e-02
2.710185391451177317e+00 4.802855312478741812e-02
2.724582733257730371e+00 4.830082508365360350e-02
2.739056558190402946e+00 4.857455773860683973e-02
2.753607272551179097e+00 4.884975576427241784e-02
2.768235284800447893e+00 4.912642934877016476e-02
2.782941005568462245e+00 4.940458877426898154e-02
2.797724847666878123e+00 4.968423882247140211e-02
2.812587226100327964e+00 4.996538987728146169e-02
2.827528558078077126e+00 5.024804110841964849e-02
2.842549263025734518e+00 5.053221144000321491e-02
2.857649762597035181e+00 5.081790578503649070e-02
2.872830480685661048e+00 5.110512616057490826e-02
2.888091843437150086e+00 5.139389471551580185e-02
2.903434279260857842e+00 5.168419619744216154e-02
2.918858218841979379e+00 5.197606160118763141e-02
2.934364095153651153e+00 5.226948430637284870e-02
2.949952343469088412e+00 5.256448691980856319e-02
2.965623401373814527e+00 5.286106274262130506e-02
2.981377708777939617e+00 5.315922865165918776e-02
2.997215707928520878e+00 5.345898976242171446e-02
3.013137843421959783e+00 5.376035719212911290e-02
3.029144562216493863e+00 5.406333307339625249e-02
3.045236313644738235e+00 5.436794076624120592e-02
3.061413549426311054e+00 5.467416725589815951e-02
3.077676723680493609e+00 5.498204220108660056e-02
3.094026292938994782e+00 5.529155862794175175e-02
3.110462716158755025e+00 5.560273415932354135e-02
3.126986454734848486e+00 5.591557414775638613e-02
3.143597972513409111e+00 5.623008706399253154e-02
3.160297735804670882e+00 5.654628141951639070e-02
3.177086213396047576e+00 5.686416894381212533e-02
3.193971230947384221e+00 5.718388356368530462e-02
3.210938592544604120e+00 5.750518089467020200e-02
3.227996090006783891e+00 5.782820065010590982e-02
3.245144202163483538e+00 5.815294191589499839e-02
3.262383410387940774e+00 5.847941992591544624e-02
3.279714198610602871e+00 5.880764353473950934e-02
3.297137053332698908e+00 5.913762493683911298e-02
3.314652463639915059e+00 5.946936649574569717e-02
3.332260921216100513e+00 5.980288380687279887e-02
3.349962920357084428e+00 6.013818260014374556e-02
3.367758957984544832e+00 6.047527531391614503e-02
3.385649533659971233e+00 6.081417111619418642e-02
3.403635149598668530e+00 6.115487241221161108e-02
3.421716310683866613e+00 6.149739519412016076e-02
3.439893524480888143e+00 6.184175564324127794e-02
3.458167301251410031e+00 6.218794592502000645e-02
3.476538153967766220e+00 6.253599264933924762e-02
3.495006598327362823e+00 6.288589837416612427e-02
3.513573152767142993e+00 6.323767258297668947e-02
3.532238338478161932e+00 6.359132127293797010e-02
3.551002679420188546e+00 6.394686461630688656e-02
3.569866702336433661e+00 6.430429806838906803e-02
3.588830936768325763e+00 6.466364553946511717e-02
3.607895915070391979e+00 6.502492046672608828e-02
3.627062172425181696e+00 6.538811102278227483e-02
3.646330246858300761e+00 6.575325236912661631e-02
3.665700679253510952e+00 6.612033626678343046e-02
3.685174013367925827e+00 6.648938361878946324e-02
3.704750795847254974e+00 6.686039708656854597e-02
3.724431576241160613e+00 6.723339784555809606e-02
3.744216907018679930e+00 6.760837740315882305e-02
3.764107343583747323e+00 6.798537208863504600e-02
3.784103444290763285e+00 6.836436964524579551e-02
3.804205770460283187e+00 6.874539542797035441e-02
3.824423692445611866e+00 6.912861139149327483e-02
3.844740212225739029e+00 6.951371427722614904e-02
3.865164659633443467e+00 6.990087284763130127e-02
3.885697608013610971e+00 7.029009373830573393e-02
3.906339633756924723e+00 7.068138745999047456e-02
3.927091316316019931e+00 7.107477635565079277e-02
3.947953238221770356e+00 7.147026727796403078e-02
3.968925985099625020e+00 7.186785911127345494e-02
3.990010145686071930e+00 7.226757447996477735e-02
4.011206311845135986e+00 7.266942026917358466e-02
4.032515078585010571e+00 7.307341139730798296e-02
4.053937044074751306e+00 7.347955886757306931e-02
4.075472809661085272e+00 7.388786966167361359e-02
4.097122979885269523e+00 7.429836302030488893e-02
4.118888162500071282e+00 7.471103781762662710e-02
4.140768968486828960e+00 7.512592170602891417e-02
4.162766012072601107e+00 7.554300944131124573e-02
4.184879910747417497e+00 7.596232477624156876e-02
4.207111285281598612e+00 7.638387074888774997e-02
4.229460759743191467e+00 7.680767142227562516e-02
4.251928961515475613e+00 7.723372992469379472e-02
4.274516521314605910e+00 7.766205353593740035e-02
4.297224073207276618e+00 7.809266239316638158e-02
4.320052254628547139e+00 7.852557255217407217e-02
4.343001706399723716e+00 7.896078718931785756e-02
4.366073072746367245e+00 7.939832245337606620e-02
4.389267001316349059e+00 7.983818586494763336e-02
4.412584143198053255e+00 8.028040256028348698e-02
4.436025152938636751e+00 8.072496252683947215e-02
4.459590688562434124e+00 8.117189993729105602e-02
4.483281411589388199e+00 8.162121811231456969e-02
4.507097987053646726e+00 8.207292925743871204e-02
4.531041083522221236e+00 8.252704563815410621e-02
4.555121861657392301e+00 8.298377065716609768e-02
4.579320075779444998e+00 8.344274018290606665e-02
4.603646838288228516e+00 8.390416136485019660e-02
4.628102832072481299e+00 8.436803297398511037e-02
4.652688743648647929e+00 8.483437215995320857e-02
4.677405263180160588e+00 8.530320090954816858e-02
4.702253084496810231e+00 8.577453206578751488e-02
4.727232905114241213e+00 8.624836908104223376e-02
4.752345426253499205e+00 8.672473428028679154e-02
4.777591352860739882e+00 8.720363114292328799e-02
4.802971393627005980e+00 8.768507261598273983e-02
4.828486261008136715e+00 8.816908136688443587e-02
4.854136671244747347e+00 8.865567547782379765e-02
4.879923344382345540e+00 8.914484880016643187e-02
4.905847004291541857e+00 8.963664389574244051e-02
4.931908378688380168e+00 9.013104483274232692e-02
4.958108199154747098e+00 9.062807478449003140e-02
4.984447201158921814e+00 9.112775719941187957e-02
5.010926124076211963e+00 9.163010077135116949e-02
5.037545711209729937e+00 9.213511919358123581e-02
5.064306709811231322e+00 9.264282622721600746e-02
5.091209871102106987e+00 9.315323061032135255e-02
5.118255950294462231e+00 9.366636663254249151e-02
5.145445706612338910e+00 9.418221248660371692e-02
5.172779903312995309e+00 9.470081809051987543e-02
5.200259307708352985e+00 9.522217699485720221e-02
5.227884691186527988e+00 9.574631897577738637e-02
5.255656829233501526e+00 9.627324793366318079e-02
5.283576501454859908e+00 9.680297290133418886e-02
5.311644491597704132e+00 9.733551880505798837e-02
5.339861587572632295e+00 9.787091620692589533e-02
5.368228581475884553e+00 9.840915313595650915e-02
5.396746269611545799e+00 9.895024410995471864e-02
5.425427945009041686e+00 9.949445451380582728e-02
5.454249493829104622e+00 1.000413206078620415e-01
5.483224151617679176e+00 1.005911123842400806e-01
5.512352731736889666e+00 1.011438230370819424e-01
5.541636051869690327e+00 1.016994675357665995e-01
5.571074934042830940e+00 1.022580720656944275e-01
5.600670204649909500e+00 1.028196575225763659e-01
5.630422694474584766e+00 1.033842224758970973e-01
5.660333238713891824e+00 1.039517878553178204e-01
5.690402677001703324e+00 1.045223690956625373e-01
5.720631853432275093e+00 1.050959988702501180e-01
5.751021616583950724e+00 1.056726700368889188e-01
5.781572819542984298e+00 1.062524212973852966e-01
5.812286319927502554e+00 1.068352396111176689e-01
5.843162979911547872e+00 1.074211756757322833e-01
5.874203666249301570e+00 1.080102163940958454e-01
5.905409250299412882e+00 1.086023953710125584e-01
5.936780608049450514e+00 1.091977169820507465e-01
5.968318620140516728e+00 1.097962093053267280e-01
6.000024171891935154e+00 1.103978827524902118e-01
6.031898153326123335e+00 1.110027537219550053e-01
6.063941459193568306e+00 1.116108629496450760e-01
6.096154988997965596e+00 1.122221725190220565e-01
6.128539647021432835e+00 1.128367598765887270e-01
6.161096342349920540e+00 1.134545991102551971e-01
6.193825988898718826e+00 1.140757378059184535e-01
6.226729505438137302e+00 1.147001495684392830e-01
6.259807815619255145e+00 1.153279135804912009e-01
6.293061847999881664e+00 1.159590097462421115e-01
6.326492536070603911e+00 1.165934552177670669e-01
6.360100818281017254e+00 1.172312735925995636e-01
6.393887638066034107e+00 1.178724822952974677e-01
6.427853943872388953e+00 1.185171052655241836e-01
6.462000689185253499e+00 1.191651537432011632e-01
6.496343790922177952e+00 1.198169278011333577e-01
6.530854375454818062e+00 1.204718819891967135e-01
6.565548290870656167e+00 1.211303215888164253e-01
6.600426511079973579e+00 1.217922712600726654e-01
6.635490015166749522e+00 1.224577094457917764e-01
6.670739787416163580e+00 1.231267138963849511e-01
6.706176817342215379e+00 1.237992631315400771e-01
6.741802099715528129e+00 1.244753888471139686e-01
6.777616634591234757e+00 1.251551095606801278e-01
6.813621427337076319e+00 1.258384438829603102e-01
6.849817488661610554e+00 1.265254036684595740e-01
6.886205834642613155e+00 1.272160213788035288e-01
6.922787486755555442e+00 1.279103090932612874e-01
6.959563471902312948e+00 1.286082927592596681e-01
6.996534822439969048e+00 1.293099775779399940e-01
7.033702576209831747e+00 1.300153896512855345e-01
7.071067776566520635e+00 1.307245623969905401e-01
7.108631472407282992e+00 1.314375011955639383e-01
7.146394718201425356e+00 1.321542255178937419e-01
7.184358574019944932e+00 1.328747549326503297e-01
7.222524105565239161e+00 1.335991091067598724e-01
7.260892384201052430e+00 1.343273223276665040e-01
7.299464486982540024e+00 1.350594073922095628e-01
7.338241496686524812e+00 1.357953697060310938e-01
7.377224501841856075e+00 1.365352513504524967e-01
7.416414596759992151e+00 1.372790727272651112e-01
7.455812881565698547e+00 1.380268394302914814e-01
7.495420462227973424e+00 1.387785718315040773e-01
7.535238450591037029e+00 1.395343130107495333e-01
7.575267964405576926e+00 1.402940536040068742e-01
7.615510127360112236e+00 1.410578370189301545e-01
7.655966069112561279e+00 1.418256919390944448e-01
7.696636925321916678e+00 1.425976011376766661e-01
7.737541654007697112e+00 1.433739541842670162e-01
7.778645864917623776e+00 1.441540985280293230e-01
7.819968434090430520e+00 1.449383916649319148e-01
7.861510521512644623e+00 1.457268551596495321e-01
7.903273293332997440e+00 1.465194948796968433e-01
7.945257921895182207e+00 1.473163641381857736e-01
7.987465585770722853e+00 1.481174611190832213e-01
8.029897469792082632e+00 1.489227996706627699e-01
8.072554765085916628e+00 1.497324258709955558e-01
8.115438669106538327e+00 1.505463701912690966e-01
8.158550385669480320e+00 1.513646144378299474e-01
8.201891124985321468e+00 1.521871970794045348e-01
8.245462103693650846e+00 1.530141652883804104e-01
8.289264544897244846e+00 1.538455254293848995e-01
8.333299678196352644e+00 1.546813002990350683e-01
8.377568739723251667e+00 1.555215128094032673e-01
8.422072972176930961e+00 1.563661944106583268e-01
8.466813624857977061e+00 1.572153599148989889e-01
8.511791953703669478e+00 1.580690240729056839e-01
8.557009221323189863e+00 1.589272272433671640e-01
8.602466697033097631e+00 1.597900102655202548e-01
8.648165656892944142e+00 1.606573539273891127e-01
8.694107383741133788e+00 1.615293077748891082e-01
8.740293167230873905e+00 1.624058958044558854e-01
8.786724303866417785e+00 1.632871421346767382e-01
8.833402097039442680e+00 1.641730621734951157e-01
8.880327857065669406e+00 1.650636890251745426e-01
8.927502901221593845e+00 1.659590471776591913e-01
8.974928553781500895e+00 1.668591702184109571e-01
9.022606146054625853e+00 1.677640379151724426e-01
9.070537016422544951e+00 1.686737471213980988e-01
9.118722510376715107e+00 1.695882869281542249e-01
9.167163980556262359e+00 1.705076732861418032e-01
9.215884007118647858e+00 1.714323352477919171e-01
9.264841629176013171e+00 1.723615015867470956e-01
9.314059329241699103e+00 1.732956182085985120e-01
9.363538488930403858e+00 1.742347016777033297e-01
9.413280497196408803e+00 1.751787496662983723e-01
9.463286750372525091e+00 1.761278256220480953e-01
9.513558652209324507e+00 1.770819273304335972e-01
9.564097613914524842e+00 1.780411094904635894e-01
9.614905054192647071e+00 1.790053794675709742e-01
9.665982399284771986e+00 1.799747830192604814e-01
9.717331083008632575e+00 1.809493178613664766e-01
9.768952546798828962e+00 1.819290398421133936e-01
9.820848239747338226e+00 1.829139368204297789e-01
9.873019618644130801e+00 1.839040946902090468e-01
9.925468148018106618e+00 1.848995014829908079e-01
9.978195300178185789e+00 1.859001644873117531e-01
1.003120255525467641e+01 1.869061709555291384e-01
1.008449140124076848e+01 1.879175087095806829e-01
1.013806333403433158e+01 1.889342155509805554e-01
1.019191985747992746e+01 1.899563296370003207e-01
1.024606248341097903e+01 1.909838587460351012e-01
1.030049273169226431e+01 1.920168618686814432e-01
1.035521213026251885e+01 1.930553263081232207e-01
1.041022221517739332e+01 1.940993115073153530e-01
1.046552453065251242e+01 1.951488358528581379e-01
1.052112062910687662e+01 1.962039492204292745e-01
1.057701207120638998e+01 1.972646386178378008e-01
1.063320042590772019e+01 1.983309860040520511e-01
1.068968727050229539e+01 1.994029784055648957e-01
1.074647419066062426e+01 2.004806558273338757e-01
1.080356278047676533e+01 2.015640694544693912e-01
1.086095464251311782e+01 2.026532276381859121e-01
1.091865138784536882e+01 2.037481820979259450e-01
1.097665463610775305e+01 2.048489302861916384e-01
1.103499142451599369e+01 2.059560095529983370e-01
1.109361270698334678e+01 2.070684825053473455e-01
1.115254540380762727e+01 2.081868513246847574e-01
1.121179116931806696e+01 2.093111578769942527e-01
1.127135166663222243e+01 2.104414444226585801e-01
1.133122856770262921e+01 2.115777422891716719e-01
1.139142355336376333e+01 2.127200487912960514e-01
1.145193831337920010e+01 2.138684408435421180e-01
1.151277454648907828e+01 2.150228928762236980e-01
1.157393396045774558e+01 2.161835171495987140e-01
1.163541827212175050e+01 2.173502649066575421e-01
1.169722920743797268e+01 2.185232261979450363e-01
1.175936850153214408e+01 2.197024101598238355e-01
1.182183789874749458e+01 2.208878492418643036e-01
1.188463915269374560e+01 2.220795879444456833e-01
1.194777402629635432e+01 2.232776472919430488e-01
1.201124429184595677e+01 2.244820602359482165e-01
1.207505173104816798e+01 2.256928961218995777e-01
1.213919813507355272e+01 2.269101159817458746e-01
1.220368530460795142e+01 2.281338137168041069e-01
1.226851504990296959e+01 2.293639988104777538e-01
1.233368919082686688e+01 2.306007174020787975e-01
1.239920955691557047e+01 2.318440284651884231e-01
1.246507798742409712e+01 2.330938919556456990e-01
1.253129633137812604e+01 2.343504418592208816e-01
1.259786644762595920e+01 2.356136128953561226e-01
1.266479020489065199e+01 2.368835151360854652e-01
1.273206948182251352e+01 2.381601331184544368e-01
1.279970616705180042e+01 2.394435528796728385e-01
1.286770215924178551e+01 2.407337587802985679e-01
1.293605936714199345e+01 2.420308377622253093e-01
1.300477970964185381e+01 2.433347870122361534e-01
1.307386511582449096e+01 2.446456553720192384e-01
1.314334778866279230e+01 2.459640453530805848e-01
1.321316931127623029e+01 2.472888900722539363e-01
1.328336174738129394e+01 2.486207499506584429e-01
1.335392706738502078e+01 2.499596481447180774e-01
1.342486725216182286e+01 2.513056748379940419e-01
1.349618429310916490e+01 2.526588675556192265e-01
1.356788019220339514e+01 2.540192233143314104e-01
1.363995696205601149e+01 2.553867930220253268e-01
1.371241662597009281e+01 2.567616143543834384e-01
1.378526121799716364e+01 2.581437527512389640e-01
1.385849278299422593e+01 2.595332051404192764e-01
1.393211337668121885e+01 2.609300513592419102e-01
1.400612506569867755e+01 2.623343022967842275e-01
1.408052992766579870e+01 2.637459966102396192e-01
1.415533005123869970e+01 2.651651873107206403e-01
1.423052753616911836e+01 2.665919136791952138e-01
1.430612449336329028e+01 2.680262295057512789e-01
1.438212304494127203e+01 2.694681171778862683e-01
1.445852532429643489e+01 2.709176881948784366e-01
1.453533347615543825e+01 2.723749249729837119e-01
1.461254965663835748e+01 2.738399111928856988e-01
1.469017603331926658e+01 2.753126875995496881e-01
1.476821478528704290e+01 2.767932508450275941e-01
1.484666810320658037e+01 2.782816859327585379e-01
1.492553818938023369e+01 2.797780043913391523e-01
1.500482725780969950e+01 2.812822773493443007e-01
1.508453753425809829e+01 2.827945164459096938e-01
1.516467125631253055e+01 2.843148087196329943e-01
1.524523067344681593e+01 2.858431356723896144e-01
1.532621804708470137e+01 2.873795850157420673e-01
1.540763565066329299e+01 2.889241994281371295e-01
1.548948576969691793e+01 2.904770063201644326e-01
1.557177070184123657e+01 2.920380329960379218e-01
1.565452880280095194e+01 2.936080453250691780e-01
1.573769049450862312e+01 2.951857071685149436e-01
1.582129396680609368e+01 2.967717345142112939e-01
1.590534156656831222e+01 2.983661870368266578e-01
1.598983565313752031e+01 2.999690610154894244e-01
1.607477859838954259e+01 3.015804805379102560e-01
1.616017278680031666e+01 3.032004261808505241e-01
1.624602061551286525e+01 3.048290073531144118e-01
1.633232449440457046e+01 3.064662044135071373e-01
1.641908684615483693e+01 3.081120786679553136e-01
1.650631010631307305e+01 3.097666920013508185e-01
1.659399672336709486e+01 3.114300736953495852e-01
1.668214915881182847e+01 3.131023029634389943e-01
1.677076988721843875e+01 3.147833928813966731e-01
1.685986139630374936e+01 3.164734234949664327e-01
1.694942618700014236e+01 3.181723910581099601e-01
1.703946677352568528e+01 3.198803761873880713e-01
1.712998568345476258e+01 3.215974262019528074e-01
1.722098545778903755e+01 3.233235886663382019e-01
1.731246865102871979e+01 3.250589460166525835e-01
1.740443783124434418e+01 3.268034424371560331e-01
1.749689558014881285e+01 3.285572651046929638e-01
1.758984449316990251e+01 3.303203405614837940e-01
1.768328717952306661e+01 3.320928051963559779e-01
1.777722626228476344e+01 3.338746553032105879e-01
1.787166437846600431e+01 3.356659577896360380e-01
1.796660417908644902e+01 3.374667622289890812e-01
1.806204832924876058e+01 3.392771365135938688e-01
1.815799950821348929e+01 3.410970947038155510e-01
1.825446040947420201e+01 3.429267416232474885e-01
1.835143374083316914e+01 3.447660917598151520e-01
1.844892222447732166e+01 3.466151406410128977e-01
1.854692859705471264e+01 3.484741054449838060e-01
1.864545560975127714e+01 3.503428342432889364e-01
1.874454918923798274e+01 3.522223382009514459e-01
1.884412602355290645e+01 3.541109959223064374e-01
1.894423184076476829e+01 3.560096663098903380e-01
1.904486945099411344e+01 3.579183827966573861e-01
1.914604167928966305e+01 3.598372744128658929e-01
1.924775136570771750e+01 3.617663373518206771e-01
1.935000136539179039e+01 3.637056442641171117e-01
1.945279454865283952e+01 3.656552101291384860e-01
1.955613380104976784e+01 3.676151276047744387e-01
1.966002202347048211e+01 3.695854511355216587e-01
1.976446213221327142e+01 3.715662354494397301e-01
1.986945705906875048e+01 3.735574958207002472e-01
1.997500975140205526e+01 3.755593468405956092e-01
2.008112317223568510e+01 3.775718243305295485e-01
2.018780030033259010e+01 3.795949639780095697e-01
2.029504413027986232e+01 3.816288419225918882e-01
2.040285767257273264e+01 3.836734942183863128e-01
2.051124395369915021e+01 3.857290183136184436e-01
2.062020601622466032e+01 3.877954303393741919e-01
2.072974691887789689e+01 3.898728287698264849e-01
2.083986973663636633e+01 3.919612090557844097e-01
2.095057756081285305e+01 3.940607122771377369e-01
2.106187349914208795e+01 3.961713552177897890e-01
2.117376067586810962e+01 3.982931752505095568e-01
2.128624223183186004e+01 4.004262308890739752e-01
2.139932132455943403e+01 4.025706237485800476e-01
2.151300112835063771e+01 4.047263921187813085e-01
2.162728483436819715e+01 4.068936173998894956e-01
2.174217565072721214e+01 4.090722947939807730e-01
2.185767680258534185e+01 4.112625714371244134e-01
2.197379153223323200e+01 4.134644428135497152e-01
2.209052309918561718e+01 4.156779916920226303e-01
2.220787478027274275e+01 4.179033016244668164e-01
2.232590127696069970e+01 4.201413797122653948e-01
2.244450335962180887e+01 4.223903582993079331e-01
2.256373549317478222e+01 4.246512845166534045e-01
2.268360102464457029e+01 4.269241759890601839e-01
2.280410331883649633e+01 4.292091637273334204e-01
2.292524575843082246e+01 4.315062429680903144e-01
2.304703174407760358e+01 4.338155230584869737e-01
2.316946469449224111e+01 4.361370451436774043e-01
2.329254804655137079e+01 4.384708967979789596e-01
2.341628525538941830e+01 4.408171195923114016e-01
2.354067979449550663e+01 4.431757784805817058e-01
2.366573515581104914e+01 4.455469860858531361e-01
2.379145484982768366e+01 4.479307136276390877e-01
2.391784240568591713e+01 4.503271459130164800e-01
2.404490137127409000e+01 4.527362542210235929e-01
2.417263531332805826e+01 4.551581290069691144e-01
2.430104781753126986e+01 4.575928858832906121e-01
2.443014248861540239e+01 4.600405441228833103e-01
2.455992295046163676e+01 4.625012205583822755e-01
2.469039284620227548e+01 4.649749346565003050e-01
2.482155583832311052e+01 4.674617300182202229e-01
2.495341560876614295e+01 4.699617498862960763e-01
2.508597585903303440e+01 4.724750140174999724e-01
2.521924031028892443e+01 4.750016423470980742e-01
2.535321270346696920e+01 4.775416801835745684e-01
2.548789679937327790e+01 4.800951216923549647e-01
2.562329637879256694e+01 4.826621903928588475e-01
2.575941524259420135e+01 4.852428300758768742e-01
2.589625721183898577e+01 4.878371893513464563e-01
2.603382612788633210e+01 4.904452886770673814e-01
2.617212585250219092e+01 4.930672001298815332e-01
2.631116026796734886e+01 4.957031014056333951e-01
2.645093327718652887e+01 4.983529083034907714e-01
2.659151003294194737e+01 5.010179797874283469e-01
2.673277234669521008e+01 5.036959559514729845e-01
2.687478508948625233e+01 5.063881649234298621e-01
2.701755224782586851e+01 5.090947089365300826e-01
2.716107782940246551e+01 5.118156097100786672e-01
2.730536586319447778e+01 5.145508882109177673e-01
2.745042039958358160e+01 5.173007293427369646e-01
2.759624551046826468e+01 5.200651275562662157e-01
2.774284528937825556e+01 5.228441869225439742e-01
2.789022385158932948e+01 5.256380124983760505e-01
2.803838533423892798e+01 5.284466542594319360e-01
2.818733389644217979e+01 5.312701338080476621e-01
2.833707371940878517e+01 5.341086419782732353e-01
2.848760900656026962e+01 5.369622014868203896e-01
2.863894398364807259e+01 5.398308915385897633e-01
2.879108289887208372e+01 5.427147917520287468e-01
2.894403002299999628e+01 5.456140400493351139e-01
2.909778964948708335e+01 5.485286305116763295e-01
2.925236609459684090e+01 5.514586728045752784e-01
2.940776369752202513e+01 5.544042482246677173e-01
2.956398682050658877e+01 5.573654680569611886e-01
2.972103984896800810e+01 5.603424446412544890e-01
2.987892719162050881e+01 5.633351419880553435e-01
3.003765328059871109e+01 5.663437322729171219e-01
3.019722257158217005e+01 5.693682994177334811e-01
3.035763954392031039e+01 5.724088974273430219e-01
3.051890870075832396e+01 5.754656106233034807e-01
3.068103456916342253e+01 5.785385544482622988e-01
3.084402170025207468e+01 5.816278454391506925e-01
3.100787466931760150e+01 5.847334461987555576e-01
3.117259807595878840e+01 5.878555665324634028e-01
3.133819654420881662e+01 5.909942626430439994e-01
3.150467472266523572e+01 5.941495275201434945e-01
3.167203728462031975e+01 5.973216059806152334e-01
3.184036224325143039e+01 6.005118109770636314e-01
3.200950808098880884e+01 6.037176638555794561e-01
3.217955247365484439e+01 6.069404699787523949e-01
3.235050019465082727e+01 6.101803828434151367e-01
3.252235604273581515e+01 6.134374602146279720e-01
3.269512484216140535e+01 6.167118250303942339e-01
3.286881144280700795e+01 6.200035685253826312e-01
3.304342072031622735e+01 6.233127163261249493e-01
3.321895757623346412e+01 6.266395256687589121e-01
3.339542693814173902e+01 6.299839238370614769e-01
3.357283375980082241e+01 6.333460365067395959e-01
3.375118302128647940e+01 6.367260242955606886e-01
3.393047972913008437e+01 6.401239140193560884e-01
3.411072891645932970e+01 6.435398338837050591e-01
3.429193564313938936e+01 6.469738790177644860e-01
3.447410499591504163e+01 6.504261450496937602e-01
3.465724208855338162e+01 6.538967281092541439e-01
3.484135206198742907e+01 6.573856551477210708e-01
3.502644008446045376e+01 6.608931623011542467e-01
3.521251135167096891e+01 6.644192779053746944e-01
3.539957108691874055e+01 6.679640647232633066e-01
3.558762454125120911e+01 6.715275852803006540e-01
3.577667699361108333e+01 6.751101522940033961e-01
3.596673375098438896e+01 6.787116519505671519e-01
3.615780014854954771e+01 6.823322556600719402e-01
3.634988154982704600e+01 6.859720641829595289e-01
3.654298334683010552e+01 6.896312153510081311e-01
3.673711096021592226e+01 6.933097380922772501e-01
3.693226983943797848e+01 6.970077711104281093e-01
3.712846546289884486e+01 7.007254172958934380e-01
3.732570333810412677e+01 7.044628174042645297e-01
3.752398900181696462e+01 7.082200009545700503e-01
3.772332802021353615e+01 7.119971473158499542e-01
3.792381331174586734e+01 7.157959344861722917e-01
3.812527632035753555e+01 7.196132942873535443e-01
3.832780956269032657e+01 7.234508202291269896e-01
3.853141872415625357e+01 7.273087719483739555e-01
3.873610952037007138e+01 7.311871417507715964e-01
3.894188769730956778e+01 7.350861147574992982e-01
3.914875903147702729e+01 7.390057217084453622e-01
3.935672933006121355e+01 7.429461890382287326e-01
3.956580443110055256e+01 7.469074692943482585e-01
3.977599020364684179e+01 7.508897906807781020e-01
3.998729254793018839e+01 7.548933045263668262e-01
4.019971739552445911e+01 7.589180027977135978e-01
4.041327070951395228e+01 7.629640775619079829e-01
4.062795848466062409e+01 7.670315606712186929e-01
4.084378674757255823e+01 7.711206462226299907e-01
4.106076155687294715e+01 7.752314485129629951e-01
4.127888900337033817e+01 7.793639998836836558e-01
4.149817521022945499e+01 7.835185805165995054e-01
4.171862633314326274e+01 7.876950992478857216e-01
4.194024856050556593e+01 7.918937546889717183e-01
4.216304811358491378e+01 7.961147056646168396e-01
4.238703124669907396e+01 8.003580701197026137e-01
4.261220424739078538e+01 8.046238813962502956e-01
4.283857343660402961e+01 8.089123430044269369e-01
4.306614516886171629e+01 8.132236608886327378e-01
4.329492583244383752e+01 8.175577836852908620e-01
4.352492184956700783e+01 8.219148746247291193e-01
4.375613967656452985e+01 8.262950547293741455e-01
4.398858580406785279e+01 8.306984896441969024e-01
4.422226675718854949e+01 8.351252139193472424e-01
4.445718909570171462e+01 8.395755276167560233e-01
4.469335941422988867e+01 8.440493776666510017e-01
4.493078434242838881e+01 8.485470223857983774e-01
4.516957455184049053e+01 8.530704620160554086e-01
4.540952928192309201e+01 8.576158586293078923e-01
4.565075872563895842e+01 8.621854285112339200e-01
4.589326965466054986e+01 8.667792999771256612e-01
4.613706887663361300e+01 8.713974636108973160e-01
4.638216323536815366e+01 8.760400932674056174e-01
4.662855961103066704e+01 8.807074110792540989e-01
4.687626492033713532e+01 8.853995012067717996e-01
4.712528611674738244e+01 8.901164003831011362e-01
4.737563019066004699e+01 8.948583809066976702e-01
4.762730416960902602e+01 8.996254806371611901e-01
4.788031511846053689e+01 9.044178797560874505e-01
4.813467013961167851e+01 9.092357601552328861e-01
4.839037637318953955e+01 9.140790635017456145e-01
4.864744099725189841e+01 9.189481172455664648e-01
4.890587122798847020e+01 9.238430091294710378e-01
4.916567431992370985e+01 9.287638265807987015e-01
4.942685756612028314e+01 9.337108049820470601e-01
4.968942829838382380e+01 9.386840334627631899e-01
4.995339388746890563e+01 9.436835508784634508e-01
5.021876174328566833e+01 9.487096457862276289e-01
5.048553931510813442e+01 9.537624087199240153e-01
5.075373409178303774e+01 9.588420313949356233e-01
5.102335360194030045e+01 9.639484522305832304e-01
5.129440541420413524e+01 9.690820164193113539e-01
5.156689713740573922e+01 9.742428164030935145e-01
5.184083642079664855e+01 9.794310479724044338e-01
5.211623095426371322e+01 9.846467524284951978e-01
5.239308846854471113e+01 9.898900744145728847e-01
5.267141673544561797e+01 9.951612646737433288e-01
5.295122356805850217e+01 1.000460418094897275e+00
5.323251682098113235e+01 1.005787682457070398e+00
5.351530439053718879e+01 1.011143152801959877e+00
5.379959421499819427e+01 1.016527139014532288e+00
5.408551881117209348e+01 1.021941983779742547e+00
5.437283779073913337e+01 1.027383034727360034e+00
5.466168309746057474e+01 1.032853054919362190e+00
5.495206283965758587e+01 1.038352088688908159e+00
5.524398516872534515e+01 1.043880344586918474e+00
5.553745827936169377e+01 1.049437866532775043e+00
5.583249040979730182e+01 1.055024920236093733e+00
5.612908984202676521e+01 1.060641550068983863e+00
5.642726490204132261e+01 1.066287968129106201e+00
5.672702396006231851e+01 1.071964445254709908e+00
5.702837543077642124e+01 1.077670913352924975e+00
5.733132777357158716e+01 1.083407758986136837e+00
5.763588949277479401e+01 1.089174913320385629e+00
5.794206913789049906e+01 1.094972767020219395e+00
5.824987530384085943e+01 1.100801250502459139e+00
5.855931663120684760e+01 1.106660700017959797e+00
5.887040180647095866e+01 1.112551279774453450e+00
5.918313956226083405e+01 1.118473095665642347e+00
5.949753867759466885e+01 1.124426253201335824e+00
5.981360797812740770e+01 1.130410977122576099e+00
6.013135633639868871e+01 1.136427554435531118e+00
6.045079267208171814e+01 1.142475973325279393e+00
6.077192595223387883e+01 1.148556522885280096e+00
6.109476519154821261e+01 1.154669190194322681e+00
6.141931945260671455e+01 1.160814450692682298e+00
6.174559784613447988e+01 1.166992231511126521e+00
6.207360953125574099e+01 1.173202703758496890e+00
6.240336371575067886e+01 1.179446164245352646e+00
6.273486965631418144e+01 1.185722850599082667e+00
6.306813665881541908e+01 1.192032813501185728e+00
6.340317407855935983e+01 1.198376101893831258e+00
6.373999132054909467e+01 1.204753081649220903e+00
6.407859783975015944e+01 1.211163995453631737e+00
6.441915147176273138e+01 1.217611569856012821e+00
6.476136589943719457e+01 1.224090648946068560e+00
6.510539827584017303e+01 1.230604008698414020e+00
6.545125825847672729e+01 1.237152025804510780e+00
6.579895555615564717e+01 1.243734753076498389e+00
6.614849992926178857e+01 1.250352241511392126e+00
6.649990119003035716e+01 1.257004872758678449e+00
6.685316920282201636e+01 1.263692899947542747e+00
6.720831388440011267e+01 1.270416309779977881e+00
6.756534520420873946e+01 1.277175491067675805e+00
6.792427318465293240e+01 1.283970498281299166e+00
6.828510790137966069e+01 1.290801452302512198e+00
6.864785948356102097e+01 1.297668679500517008e+00
6.901253811417821282e+01 1.304572441138013517e+00
6.937915403030775963e+01 1.311512654065394523e+00
6.974771752340851094e+01 1.318489718504105124e+00
7.011823893961093290e+01 1.325503899877935821e+00
7.049072868000716596e+01 1.332555254661552890e+00
7.086519720094320007e+01 1.339643766519110768e+00
7.124165501431242831e+01 1.346770199287625536e+00
7.162011268785056473e+01 1.353934255614624549e+00
7.200058084543253756e+01 1.361136348603515511e+00
7.238307016737043398e+01 1.368376607439579340e+00
7.276759139071357652e+01 1.375655379138925438e+00
7.315415530954970791e+01 1.382972649098903828e+00
7.354277277530819390e+01 1.390328913942566968e+00
7.393345469706444817e+01 1.397723938267664279e+00
7.432621204184637520e+01 1.405158370273961621e+00
7.472105583494197845e+01 1.412632121471414592e+00
7.511799716020915696e+01 1.420145548852249195e+00
7.551704716038652521e+01 1.427698787130714297e+00
7.591821703740653504e+01 1.435292198282855036e+00
7.632151805270956402e+01 1.442925843329950997e+00
7.672713819812167912e+01 1.450603274773688112e+00
7.713473645245574062e+01 1.458318043595347335e+00
7.754449999459846765e+01 1.466073841954877111e+00
7.795644032722746886e+01 1.473870810103393270e+00
7.837056901412603338e+01 1.481708931054847023e+00
7.878689768050794839e+01 1.489588735488998283e+00
7.920543801334359557e+01 1.497510445080239005e+00
7.962620176168830710e+01 1.505474043803230133e+00
8.004920073701184435e+01 1.513479911987787974e+00
8.047444681353033502e+01 1.521528193093353964e+00
8.090195192853923345e+01 1.529619272759286108e+00
8.133172808274875365e+01 1.537753297244673245e+00
8.176378734062042497e+01 1.545930330526841923e+00
8.219814183070612046e+01 1.554150845301921491e+00
8.263480374598807998e+01 1.562414824878745945e+00
8.307378534422170446e+01 1.570722830044348539e+00
8.351509894827911751e+01 1.579074761720023368e+00
8.395875694649555498e+01 1.587470934778830278e+00
8.440477179301676358e+01 1.595911751489330621e+00
8.485315600814890047e+01 1.604397364374846591e+00
8.530392217870966931e+01 1.612927925417797059e+00
8.575708295838204265e+01 1.621503671799549684e+00
8.621265106806907852e+01 1.630125100586102160e+00
8.667063929625139451e+01 1.638792022227410161e+00
8.713106049934575026e+01 1.647504849185986053e+00
8.759392760206637263e+01 1.656264086458377749e+00
8.805925359778736095e+01 1.665069805601820052e+00
8.852705154890784911e+01 1.673922252809472377e+00
8.899733458721823354e+01 1.682821497581299619e+00
8.947011591426924326e+01 1.691768143764054377e+00
8.994540880174216113e+01 1.700762084531010965e+00
9.042322659182171662e+01 1.709803749302097220e+00
9.090358269757020082e+01 1.718893390831622403e+00
9.138649060330452301e+01 1.728031171823471768e+00
9.187217540823219508e+01 1.737221621966610119e+00
9.236022877758335881e+01 1.746456652597647707e+00
9.285087483716178269e+01 1.755740776418101001e+00
9.334412736013860012e+01 1.765074067717743445e+00
9.384000019285244321e+01 1.774456692046721296e+00
9.433850725519779701e+01 1.783889380355307086e+00
9.483966254101609650e+01 1.793372021414281869e+00
9.534348011848823035e+01 1.802904878748522011e+00
9.584997413052974480e+01 1.812488217267708146e+00
9.635915879518756810e+01 1.822122495991882252e+00
9.687104840603947764e+01 1.831807888822395203e+00
9.738565733259494550e+01 1.841544666427106680e+00
9.790300002069892571e+01 1.851333100904413831e+00
9.842309099293693464e+01 1.861173465790794790e+00
9.894594484904315834e+01 1.871065937122453837e+00
9.947157626630992411e+01 1.881010988701089737e+00
1.000000000000000000e+02 1.891008500000000314e+00
