4.999999950079739852e-01 1.424098985781721604e-03
5.026561494002576014e-01 1.433349645478454101e-03
5.053264141049929048e-01 1.442654863649101915e-03
5.080108640805183207e-01 1.452014940106044179e-03
5.107095746833729688e-01 1.461431197626699525e-03
5.134226216704131929e-01 1.470902928555701790e-03
5.161500812009390815e-01 1.480430437451913913e-03
5.188920298388336461e-01 1.490014549335135548e-03
5.216485445547095479e-01 1.499655580179116683e-03
5.244197027280715906e-01 1.509353323209772051e-03
5.272055821494878725e-01 1.519108616600909571e-03
5.300062610227755933e-01 1.528921251316404245e-03
5.328218179671931898e-01 1.538792074398343587e-03
5.356523320196493465e-01 1.548720874521771580e-03
5.384978826369208882e-01 1.558708507688816780e-03
5.413585496978848832e-01 1.568755301617127127e-03
5.442344135057582966e-01 1.578861041520322967e-03
5.471268145949504946e-01 1.589030255910777551e-03
5.500333212074142164e-01 1.599255433443150460e-03
5.529552680806418818e-01 1.609541088418596586e-03
5.558927372380672027e-01 1.619887557201107713e-03
5.588458111388572291e-01 1.630294619082264633e-03
5.618145726802290518e-01 1.640763166890001328e-03
5.647991051997738321e-01 1.651292977488685214e-03
5.677994924777982622e-01 1.661884953139865619e-03
5.708158187396754624e-01 1.672538868251841841e-03
5.738481686582114216e-01 1.683255634617252233e-03
5.768966273560180991e-01 1.694035601055734900e-03
5.799612804079063988e-01 1.704878538260858577e-03
5.830422138432856949e-01 1.715785372531228791e-03
5.861395141485824523e-01 1.726755872030955215e-03
5.892532682696638435e-01 1.737790972838064571e-03
5.923835636142807948e-01 1.748891032940623133e-03
5.955304880545205792e-01 1.760055816676828113e-03
5.986941299292761753e-01 1.771285676314417711e-03
6.018745780467220641e-01 1.782582169668803533e-03
6.050719216868097883e-01 1.793943856581607611e-03
6.082862506037729489e-01 1.805372910059477613e-03
6.115176550286494095e-01 1.816868486020174756e-03
6.147662256718099405e-01 1.828430945964614829e-03
6.180320537255077351e-01 1.840061889300524320e-03
6.213152308664366963e-01 1.851759836976326484e-03
6.246158492583073762e-01 1.863527020097626927e-03
6.279340015544307985e-01 1.875361943748399176e-03
6.312697809003213756e-01 1.887266862691713062e-03
6.346232809363108185e-01 1.899240900597783371e-03
6.379945958001790318e-01 1.911285070260302331e-03
6.413838201297928920e-01 1.923399117168366271e-03
6.447910490657656757e-01 1.935583419996393618e-03
6.482163782541267016e-01 1.947839655776146747e-03
6.516614043531141487e-01 1.960171437837992994e-03
6.551232309905856699e-01 1.972570152403574448e-03
6.586034479202970138e-01 1.985041329686941698e-03
6.621021528371614506e-01 1.997585368685065622e-03
6.656194439550759956e-01 2.010202004858195439e-03
6.691554200096806460e-01 2.022892299926525115e-03
6.727101802611290537e-01 2.035655986399550078e-03
6.762838244968775170e-01 2.048494137173144467e-03
6.798764530344819645e-01 2.061406481770593473e-03
6.834881667244169234e-01 2.074394104378439289e-03
6.871190669529059214e-01 2.087457418616923705e-03
6.907692556447664334e-01 2.100596149491464060e-03
6.944388352662743680e-01 2.113811398371870810e-03
6.981279088280358813e-01 2.127102887187151074e-03
7.018365798878822837e-01 2.140471728890761677e-03
7.055649525537748268e-01 2.153917642298251462e-03
7.093131314867309190e-01 2.167441752065820196e-03
7.130812219037575561e-01 2.181044486939271061e-03
7.168693295808075128e-01 2.194725561023484848e-03
7.206775608557471902e-01 2.208485396107320604e-03
7.245060226313452256e-01 2.222325140614618728e-03
7.283548223782682074e-01 2.236245232148503098e-03
7.322240681381009253e-01 2.250245378359626725e-03
7.361138685263777237e-01 2.264326745849906675e-03
7.400243327356343936e-01 2.278489038984388929e-03
7.439555705384691686e-01 2.292733436619012136e-03
7.479076922906265912e-01 2.307060387701203707e-03
7.518808089340943690e-01 2.321469591624463445e-03
7.558750320002211032e-01 2.335961490018707148e-03
7.598904736128412329e-01 2.350537286626709979e-03
7.639272464914270699e-01 2.365197439643846808e-03
7.679854639542503802e-01 2.379941641651848409e-03
7.720652399215671702e-01 2.394770343361998614e-03
7.761666889188105767e-01 2.409684773917272326e-03
7.802917227658289212e-01 2.424690983990100950e-03
7.844368733805883176e-01 2.439777527820760367e-03
7.886040443155917234e-01 2.454951202491944141e-03
7.927933525495809430e-01 2.470211690054618416e-03
7.970049156827242465e-01 2.485560252175951067e-03
8.012388519399206155e-01 2.500996567311491742e-03
8.054952801741139812e-01 2.516521910357725263e-03
8.097743198696324418e-01 2.532136765905465287e-03
8.140760911455412474e-01 2.547840806969208470e-03
8.184007147590171005e-01 2.563634510177617565e-03
8.227483121087341145e-01 2.579519177293972641e-03
8.271190052382744184e-01 2.595494475723673401e-03
8.315129168395524184e-01 2.611561720870071625e-03
8.359301702562623726e-01 2.627721412295452950e-03
8.403708894873357371e-01 2.643973211763276602e-03
8.448351991904258229e-01 2.660317610599516411e-03
8.493232246854045542e-01 2.676755951908160215e-03
8.538350919578845399e-01 2.693288745471709381e-03
8.583709276627501383e-01 2.709914786952119688e-03
8.629308591277166096e-01 2.726637152820211418e-03
8.675150143569024808e-01 2.743454639337684561e-03
8.721235220344261130e-01 2.760367752949904364e-03
8.767565115280133714e-01 2.777377879383790757e-03
8.814141128926318292e-01 2.794485544119234676e-03
8.860964568741408476e-01 2.811690389236473717e-03
8.908036749129643050e-01 2.828992931500393972e-03
8.955358991477758712e-01 2.846394585784668956e-03
9.002932624192117039e-01 2.863895888283881763e-03
9.050758982735971347e-01 2.881496472864938929e-03
9.098839409666997780e-01 2.899196866808010937e-03
9.147175254674925204e-01 2.916998514732340592e-03
9.195767874619461546e-01 2.934901963751011030e-03
9.244618633568372212e-01 2.952905914853912270e-03
9.293750302462031598e-01 2.971020520440880927e-03
9.343121574328300261e-01 2.989230841993336871e-03
9.392755121638417526e-01 3.007544222264914822e-03
9.442652337680562669e-01 3.025962151645632779e-03
9.492814623144459896e-01 3.044484244735926048e-03
9.543243386160742414e-01 3.063112007494107978e-03
9.593940042340455276e-01 3.081845050102952326e-03
9.644906014814838002e-01 3.100684894247936370e-03
9.696142734275214892e-01 3.119631145640067160e-03
9.747651639013189540e-01 3.138685341852413130e-03
9.799434174961019206e-01 3.157847084069421214e-03
9.851491795732190138e-01 3.177117925913785883e-03
9.903825962662256011e-01 3.196497463987901019e-03
9.956438144849815153e-01 3.215987268127730534e-03
1.000932981919777420e+00 3.235586930297396774e-03
1.006250247045479496e+00 3.255297030461149106e-03
1.011595759125702099e+00 3.275119163042912885e-03
1.016969668216989975e+00 3.295053929869490913e-03
1.022372125173035995e+00 3.315100913456829352e-03
1.027803281648913103e+00 3.335260705475425521e-03
1.033263290105336685e+00 3.355534933776562010e-03
1.038752303812936706e+00 3.375924212345967831e-03
1.044270476856565155e+00 3.396428114017843725e-03
1.049817964139619919e+00 3.417047242388228292e-03
1.055394921388395968e+00 3.437783259420041683e-03
1.061001505156451641e+00 3.458635730484918916e-03
1.066637872829007128e+00 3.479606334862370576e-03
1.072304182627360047e+00 3.500694632901863671e-03
1.078000593613333002e+00 3.521902321375717636e-03
1.083727265693729125e+00 3.543228955549396382e-03
1.089484359624828036e+00 3.564676249865957915e-03
1.095272037016894906e+00 3.586243754444234325e-03
1.101090460338722155e+00 3.607932100487287221e-03
1.106942341748183400e+00 3.629752493979633652e-03
1.112822761332970867e+00 3.651685604049213427e-03
1.118734419522688928e+00 3.673742598736547994e-03
1.124677482266452699e+00 3.695924139643874760e-03
1.130652116394952778e+00 3.718229761065065548e-03
1.136658489625133939e+00 3.740660113286572649e-03
1.142696770564908926e+00 3.763216992475691258e-03
1.148767128717884223e+00 3.785899924745233635e-03
1.154869734488123134e+00 3.808710724943246799e-03
1.161004759184926183e+00 3.831650074680901900e-03
1.167172375027646591e+00 3.854716324662431273e-03
1.173372755150515090e+00 3.877913646306835934e-03
1.179606073607506689e+00 3.901240390877690721e-03
1.185872505377223884e+00 3.924697234936158630e-03
1.192172226367812726e+00 3.948286050518430221e-03
1.198505413421894428e+00 3.972006341300143677e-03
1.204872244321533836e+00 3.995859998768331971e-03
1.211272897793227443e+00 4.019846520814791997e-03
1.217707553512926477e+00 4.043967818574715697e-03
1.224176392111072431e+00 4.068223384084454497e-03
1.230679595177672114e+00 4.092615148326587092e-03
1.237217345267394020e+00 4.117142597409498457e-03
1.243789825904696666e+00 4.141807682364381099e-03
1.250397221588974261e+00 4.166609883298206217e-03
1.257039717799738776e+00 4.191551171493952677e-03
1.263717501001826227e+00 4.216631020982782550e-03
1.270430758650635150e+00 4.241851423504674513e-03
1.277179679197380846e+00 4.267211846939632063e-03
1.283964452094391362e+00 4.292714303691837728e-03
1.290785267800422575e+00 4.318358255413812068e-03
1.297642317786009691e+00 4.344145735383215905e-03
1.304535794538835169e+00 4.370076198947795386e-03
1.311465891569136843e+00 4.396151700469987621e-03
1.318432803415137800e+00 4.422371688914473672e-03
1.325439777582867906e+00 4.448748483552021106e-03
1.332480923027035580e+00 4.475262433193063702e-03
1.339559473210371499e+00 4.501923160032282253e-03
1.346675626838405249e+00 4.528731425467992684e-03
1.353829583672246706e+00 4.555689348410873855e-03
1.361021544534200878e+00 4.582797719216947716e-03
1.368251711313400065e+00 4.610055963935084586e-03
1.375520286971479322e+00 4.637466234543393198e-03
1.382827475548263685e+00 4.665027950343515230e-03
1.390173482167502250e+00 4.692743285599175473e-03
1.397558513042625572e+00 4.720611652780807264e-03
1.404982775482531698e+00 4.748635248662961064e-03
1.412446477897411068e+00 4.776814891246281523e-03
1.419949829804590280e+00 4.805149982653967623e-03
1.427493041834417831e+00 4.833641326420731223e-03
1.435076325736173608e+00 4.862292600103811958e-03
1.442699894384020576e+00 4.891100332636375697e-03
1.450363961782969335e+00 4.920069667556366960e-03
1.458068743074893758e+00 4.949198554193751792e-03
1.465814454544565271e+00 4.978487815971798132e-03
1.473601313625732434e+00 5.007941227474293870e-03
1.481429538907213628e+00 5.037555222738273990e-03
1.489299350139040579e+00 5.067335081650684546e-03
1.497210968238622764e+00 5.097278696743883300e-03
1.505164615296956887e+00 5.127388416947542549e-03
1.513160514584849903e+00 5.157663600901499397e-03
1.521198890559194883e+00 5.188106621809975526e-03
1.529279968869266870e+00 5.218716830725377356e-03
1.537403976363064029e+00 5.249498162775185703e-03
1.545571141093667666e+00 5.280446894688798146e-03
1.553781692325647779e+00 5.311568532017995649e-03
1.562035860541497234e+00 5.342860873081582349e-03
1.570333877448108595e+00 5.374326365517182076e-03
1.578679611023222185e+00 5.405976784881146892e-03
1.587066044672607035e+00 5.437791368984512194e-03
1.595497029647584997e+00 5.469778646859629022e-03
1.603972802618555349e+00 5.501944299596562768e-03
1.612493601513184993e+00 5.534286052067846802e-03
1.621059665523084226e+00 5.566806428628208979e-03
1.629671235110528249e+00 5.599506362716426960e-03
1.638328552015197559e+00 5.632385154044766695e-03
1.647031859260969400e+00 5.665445366199148985e-03
1.655781401162737865e+00 5.698687946349184803e-03
1.664577423333277517e+00 5.732112181751701507e-03
1.673420172690129659e+00 5.765722349239006672e-03
1.682309897462538784e+00 5.799516071947175867e-03
1.691246847198418557e+00 5.833494289021660603e-03
1.700231272771363322e+00 5.867661344536161463e-03
1.709263426387680029e+00 5.902014822252751695e-03
1.718343561593475233e+00 5.936557393403000572e-03
1.727471933281769401e+00 5.971290042785493656e-03
1.736648797699657631e+00 6.006212023385850036e-03
1.745874412455494573e+00 6.041327793768308009e-03
1.755149036526131523e+00 6.076634870683895670e-03
1.764472930264182393e+00 6.112135994908058159e-03
1.773846355405340525e+00 6.147832175490936663e-03
1.783269575075714819e+00 6.183722643158950580e-03
1.792742853799222491e+00 6.219811973942320459e-03
1.802266457505012465e+00 6.256097615683241762e-03
1.811840653534936507e+00 6.292582380468401265e-03
1.821465710651043235e+00 6.329267302150169000e-03
1.831141899043130294e+00 6.366153419639043395e-03
1.840869490336325187e+00 6.403241776926576513e-03
1.850648757598717165e+00 6.440531572459659744e-03
1.860479975349012660e+00 6.478027551927430759e-03
1.870363419564247343e+00 6.515727063469961729e-03
1.880303697241810346e+00 6.553648112440551253e-03
1.890292451190050516e+00 6.591761675554153217e-03
1.900334268484166644e+00 6.630083830651482650e-03
1.910429431013037638e+00 6.668615657783057322e-03
1.920578222163030091e+00 6.707358242266168134e-03
1.930780926825939492e+00 6.746312674708612733e-03
1.941037831406997372e+00 6.785480051032580923e-03
1.951349223832905544e+00 6.824861472498601651e-03
1.961715393559927856e+00 6.864456084014228417e-03
1.972136631582003030e+00 6.904268910598487102e-03
1.982613230438921681e+00 6.944299118322136075e-03
1.993145484224536412e+00 6.984545836894810386e-03
2.003733688595013884e+00 7.025014170333953104e-03
2.014378140777144832e+00 7.065703269824840857e-03
2.025079139576675402e+00 7.106612249595565568e-03
2.035836985386699105e+00 7.147746293887254770e-03
2.046651980196091181e+00 7.189104538720451909e-03
2.057524427597989369e+00 7.230688140077075679e-03
2.068454632798307546e+00 7.272498259547265261e-03
2.079442902624308420e+00 7.314536064354526003e-03
2.090489545533213533e+00 7.356802727380938427e-03
2.101594871620871885e+00 7.399299427192509472e-03
2.112759192630449867e+00 7.442027348064541095e-03
2.123982821961193146e+00 7.484989803990013506e-03
2.135266074677217851e+00 7.528183754057135232e-03
2.146609267516364827e+00 7.571614659191492139e-03
2.158012718899078308e+00 7.615279444947104306e-03
2.169476748937350763e+00 7.659183629274143174e-03
2.181001679443708596e+00 7.703326284817010178e-03
2.192587833940249809e+00 7.747708636720761904e-03
2.204235537667716738e+00 7.792334120283556272e-03
2.215945117594633640e+00 7.837199575750467689e-03
2.227716902426478018e+00 7.882310666403484489e-03
2.239551222614921677e+00 7.927666437168539096e-03
2.251453594524605695e+00 7.973286502381465857e-03
2.263414011352255617e+00 8.019137773966350177e-03
2.275437965607922219e+00 8.065237534024070898e-03
2.287525794822044656e+00 8.111584768645327750e-03
2.299677838318128220e+00 8.158187620157901498e-03
2.311894437222268728e+00 8.205040511895878366e-03
2.324175934472735960e+00 8.252149347660862194e-03
2.336522674829585533e+00 8.299513126286000436e-03
2.348935004884348920e+00 8.347133152526935163e-03
2.361413273069754570e+00 8.395013098824821371e-03
2.373957829669522290e+00 8.443151946183391487e-03
2.386569026828178508e+00 8.491551018458215819e-03
2.399247218560953687e+00 8.540214045109238358e-03
2.411992760763713051e+00 8.589139988978233484e-03
2.424806011222959246e+00 8.638332618085612508e-03
2.437687329625857657e+00 8.687790883045417092e-03
2.450637077570348321e+00 8.737516140191785990e-03
2.463655618575286255e+00 8.787509752360207760e-03
2.476743318090660395e+00 8.837778042402813158e-03
2.489900543507834296e+00 8.888314995485461015e-03
2.503127664169870314e+00 8.939126961113149500e-03
2.516425051381891986e+00 8.990212852092614379e-03
2.529793078421520125e+00 9.041576594415493343e-03
2.543232120549332009e+00 9.093219631275075224e-03
2.556742555019408947e+00 9.145140856257382225e-03
2.570324761089917587e+00 9.197341686112830983e-03
2.583979120033772059e+00 9.249826128339853556e-03
2.597706015149315650e+00 9.302593056730911261e-03
2.611505831771094854e+00 9.355646520156656043e-03
2.625378957280668057e+00 9.408988004460938637e-03
2.639325781117494163e+00 9.462616363493683153e-03
2.653346694789844751e+00 9.516533055733676985e-03
2.667442091885808164e+00 9.570744881496994275e-03
2.681618542732105759e+00 9.625270197974024333e-03
2.695864128615748534e+00 9.680066285261853393e-03
2.710185391451177317e+00 9.735159377957680951e-03
2.724582733257730371e+00 9.790551013263860264e-03
2.739056558190402946e+00 9.846239996894299434e-03
2.753607272551179097e+00 9.902230591177658622e-03
2.768235284800447893e+00 9.958524355893821206e-03
2.782941005568462245e+00 1.001512007555352413e-02
2.797724847666878123e+00 1.007202207868918530e-02
2.812587226100327964e+00 1.012923194796713777e-02
2.827528558078077126e+00 1.018675127383067945e-02
2.842549263025734518e+00 1.024457881198664010e-02
2.857649762597035181e+00 1.030271898088824106e-02
2.872830480685661048e+00 1.036117339428475198e-02
2.888091843437150086e+00 1.041994367384505016e-02
2.903434279260857842e+00 1.047902854575981889e-02
2.918858218841979379e+00 1.053843252023308787e-02
2.934364095153651153e+00 1.059815724266615147e-02
2.949952343469088412e+00 1.065820436652490689e-02
2.965623401373814527e+00 1.071857555337694251e-02
2.981377708777939617e+00 1.077926949155103009e-02
2.997215707928520878e+00 1.084029380584737925e-02
3.013137843421959783e+00 1.090164420360085866e-02
3.029144562216493863e+00 1.096332536028347439e-02
3.045236313644738235e+00 1.102533897827705049e-02
3.061413549426311054e+00 1.108768676828893879e-02
3.077676723680493609e+00 1.115037044939012553e-02
3.094026292938994782e+00 1.121339174905355666e-02
3.110462716158755025e+00 1.127675240319257061e-02
3.126986454734848486e+00 1.134045415619959127e-02
3.143597972513409111e+00 1.140449876098479677e-02
3.160297735804670882e+00 1.146888481871741368e-02
3.177086213396047576e+00 1.153362040326721613e-02
3.193971230947384221e+00 1.159873085676772254e-02
3.210938592544604120e+00 1.166416470318967433e-02
3.227996090006783891e+00 1.172995029579627230e-02
3.245144202163483538e+00 1.179608943943165691e-02
3.262383410387940774e+00 1.186258394773372950e-02
3.279714198610602871e+00 1.192943564317428852e-02
3.297137053332698908e+00 1.199664965423629173e-02
3.314652463639915059e+00 1.206422124442150731e-02
3.332260921216100513e+00 1.213215887492108229e-02
3.349962920357084428e+00 1.220045775712704991e-02
3.367758957984544832e+00 1.226912644069995048e-02
3.385649533659971233e+00 1.233816346998895148e-02
3.403635149598668530e+00 1.240757073072519014e-02
3.421716310683866613e+00 1.247735353951862254e-02
3.439893524480888143e+00 1.254751041510509049e-02
3.458167301251410031e+00 1.261803981295060023e-02
3.476538153967766220e+00 1.268895403048018143e-02
3.495006598327362823e+00 1.276024462544701407e-02
3.513573152767142993e+00 1.283192051122088347e-02
3.532238338478161932e+00 1.290398016260509845e-02
3.551002679420188546e+00 1.297642554040251417e-02
3.569866702336433661e+00 1.304925861492027724e-02
3.588830936768325763e+00 1.312248495484371127e-02
3.607895915070391979e+00 1.319610660681260969e-02
3.627062172425181696e+00 1.327011837358383836e-02
3.646330246858300761e+00 1.334452949938102519e-02
3.665700679253510952e+00 1.341933839540038545e-02
3.685174013367925827e+00 1.349455077567732718e-02
3.704750795847254974e+00 1.357016503286607306e-02
3.724431576241160613e+00 1.364618694024244405e-02
3.744216907018679930e+00 1.372261487169397672e-02
3.764107343583747323e+00 1.379945089623332150e-02
3.784103444290763285e+00 1.387670087697243440e-02
3.804205770460283187e+00 1.395436696326772356e-02
3.824423692445611866e+00 1.403247597730543361e-02
3.844740212225739029e+00 1.411097706113154278e-02
3.865164659633443467e+00 1.418989685789210677e-02
3.885697608013610971e+00 1.426923749823755076e-02
3.906339633756924723e+00 1.434900502943359420e-02
3.927091316316019931e+00 1.442920166498309550e-02
3.947953238221770356e+00 1.450982568146523023e-02
3.968925985099625020e+00 1.459088322050204785e-02
3.990010145686071930e+00 1.467237253849804253e-02
4.011206311845135986e+00 1.475429984067060801e-02
4.032515078585010571e+00 1.483666336300452915e-02
4.053937044074751306e+00 1.491947342889679388e-02
4.075472809661085272e+00 1.500272424279901207e-02
4.097122979885269523e+00 1.508641804228757870e-02
4.118888162500071282e+00 1.517056119458722561e-02
4.140768968486828960e+00 1.525515602448519227e-02
4.162766012072601107e+00 1.534020486832272760e-02
4.184879910747417497e+00 1.542570588916989359e-02
4.207111285281598612e+00 1.551166558705739489e-02
4.229460759743191467e+00 1.559808633296325825e-02
4.251928961515475613e+00 1.568497050963716874e-02
4.274516521314605910e+00 1.577231623713965664e-02
4.297224073207276618e+00 1.586013015103231866e-02
4.320052254628547139e+00 1.594841466935278951e-02
4.343001706399723716e+00 1.603717222213181873e-02
4.366073072746367245e+00 1.612640525144994411e-02
4.389267001316349059e+00 1.621611182222724296e-02
4.412584143198053255e+00 1.630630315603137301e-02
4.436025152938636751e+00 1.639697292933529546e-02
4.459590688562434124e+00 1.648812802188300008e-02
4.483281411589388199e+00 1.657977093648529965e-02
4.507097987053646726e+00 1.667190418834501101e-02
4.531041083522221236e+00 1.676453030511529038e-02
4.555121861657392301e+00 1.685769064318077409e-02
4.579320075779444998e+00 1.695131033839345283e-02
4.603646838288228516e+00 1.704543055791812520e-02
4.628102832072481299e+00 1.714005387980396811e-02
4.652688743648647929e+00 1.723517824215738126e-02
4.677405263180160588e+00 1.733081552924039398e-02
4.702253084496810231e+00 1.742696372941661409e-02
4.727232905114241213e+00 1.752362547207904700e-02
4.752345426253499205e+00 1.762080339960784073e-02
4.777591352860739882e+00 1.771850016743133777e-02
4.802971393627005980e+00 1.781671844408725183e-02
4.828486261008136715e+00 1.791546091128424015e-02
4.854136671244747347e+00 1.801473511810023492e-02
4.879923344382345540e+00 1.811453409028452102e-02
4.905847004291541857e+00 1.821487028376402029e-02
4.931908378688380168e+00 1.831573664791936659e-02
4.958108199154747098e+00 1.841714576927846667e-02
4.984447201158921814e+00 1.851909550445303074e-02
5.010926124076211963e+00 1.862159364043976945e-02
5.037545711209729937e+00 1.872463297175223571e-02
5.064306709811231322e+00 1.882822635063078134e-02
5.091209871102106987e+00 1.893237158386526856e-02
5.118255950294462231e+00 1.903707150304298837e-02
5.145445706612338910e+00 1.914232895368743817e-02
5.172779903312995309e+00 1.924815196810320678e-02
5.200259307708352985e+00 1.935453830206056505e-02
5.227884691186527988e+00 1.946149084372108748e-02
5.255656829233501526e+00 1.956901775110460318e-02
5.283576501454859908e+00 1.967711674102419830e-02
5.311644491597704132e+00 1.978579074488958506e-02
5.339861587572632295e+00 1.989504804837619739e-02
5.368228581475884553e+00 2.000488632864165506e-02
5.396746269611545799e+00 2.011530856096192116e-02
5.425427945009041686e+00 2.022636973352191433e-02
5.454249493829104622e+00 2.033797459432427207e-02
5.483224151617679176e+00 2.045017796363178195e-02
5.512352731736889666e+00 2.056297745107105168e-02
5.541636051869690327e+00 2.067637610658679126e-02
5.571074934042830940e+00 2.079038256615813388e-02
5.600670204649909500e+00 2.090499999850400220e-02
5.630422694474584766e+00 2.102022595796280285e-02
5.660333238713891824e+00 2.113606355568466502e-02
5.690402677001703324e+00 2.125252160846863997e-02
5.720631853432275093e+00 2.136959762808372104e-02
5.751021616583950724e+00 2.148730052313471695e-02
5.781572819542984298e+00 2.160563355832138127e-02
5.812286319927502554e+00 2.172459420256566895e-02
5.843162979911547872e+00 2.184419150419794967e-02
5.874203666249301570e+00 2.196442290299008282e-02
5.905409250299412882e+00 2.208529754145826043e-02
5.936780608049450514e+00 2.220681282987815516e-02
5.968318620140516728e+00 2.232897800591932685e-02
6.000024171891935154e+00 2.245179645003519617e-02
6.031898153326123335e+00 2.257526552785155821e-02
6.063941459193568306e+00 2.269940068579910999e-02
6.096154988997965596e+00 2.282418716345805190e-02
6.128539647021432835e+00 2.294964660137515863e-02
6.161096342349920540e+00 2.307577024063739088e-02
6.193825988898718826e+00 2.320256766049371561e-02
6.226729505438137302e+00 2.333003613487737160e-02
6.259807815619255145e+00 2.345819160248606774e-02
6.293061847999881664e+00 2.358702511248835648e-02
6.326492536070603911e+00 2.371654644496778638e-02
6.360100818281017254e+00 2.384675281108739400e-02
6.393887638066034107e+00 2.397766048652269499e-02
6.427853943872388953e+00 2.410926032427147467e-02
6.462000689185253499e+00 2.424156230941094253e-02
6.496343790922177952e+00 2.437462620976093078e-02
6.530854375454818062e+00 2.450834374562366885e-02
6.565548290870656167e+00 2.464276784979792245e-02
6.600426511079973579e+00 2.477791531704957514e-02
6.635490015166749522e+00 2.491377669819546184e-02
6.670739787416163580e+00 2.505036229409242365e-02
6.706176817342215379e+00 2.518767585884108817e-02
6.741802099715528129e+00 2.532572116542547783e-02
6.777616634591234757e+00 2.546450200580455472e-02
6.813621427337076319e+00 2.560402219100444202e-02
6.849817488661610554e+00 2.574428555121090895e-02
6.886205834642613155e+00 2.588529593586242489e-02
6.922787486755555442e+00 2.602705721374341113e-02
6.959563471902312948e+00 2.616957327307817271e-02
6.996534822439969048e+00 2.631284102509031178e-02
7.033702576209831747e+00 2.645687835306901464e-02
7.071067776566520635e+00 2.660168224456097019e-02
7.108631472407282992e+00 2.674725666649590411e-02
7.146394718201425356e+00 2.689360560571905229e-02
7.184358574019944932e+00 2.704073306908778840e-02
7.222524105565239161e+00 2.718864308356832085e-02
7.260892384201052430e+00 2.733733969633319119e-02
7.299464486982540024e+00 2.748682697485901535e-02
7.338241496686524812e+00 2.763711634526636735e-02
7.377224501841856075e+00 2.778819727843532053e-02
7.416414596759992151e+00 2.794008861922641848e-02
7.455812881565698547e+00 2.809278717970292022e-02
7.495420462227973424e+00 2.824628963555364178e-02
7.535238450591037029e+00 2.840062266505409203e-02
7.575267964405576926e+00 2.855576799496308341e-02
7.615510127360112236e+00 2.871173735482876466e-02
7.655966069112561279e+00 2.886854265595446140e-02
7.696636925321916678e+00 2.902618060036496472e-02
7.737541654007697112e+00 2.918472268700246508e-02
7.778645864917623776e+00 2.934403920248140549e-02
7.819968434090430520e+00 2.950420914396967992e-02
7.861510521512644623e+00 2.966522913818597090e-02
7.903273293332997440e+00 2.982710357123130596e-02
7.945257921895182207e+00 2.998983685115283807e-02
7.987465585770722853e+00 3.015344139551512717e-02
8.029897469792082632e+00 3.031791375397361460e-02
8.072554765085916628e+00 3.048325840172683501e-02
8.115438669106538327e+00 3.064948795178930319e-02
8.158550385669480320e+00 3.081659889500654170e-02
8.201891124985321468e+00 3.098459577471979892e-02
8.245462103693650846e+00 3.115349140243947254e-02
8.289264544897244846e+00 3.132328220917317274e-02
8.333299678196352644e+00 3.149397280741005056e-02
8.377568739723251667e+00 3.166557621024964492e-02
8.422072972176930961e+00 3.183808878781502899e-02
8.466813624857977061e+00 3.201152368957640992e-02
8.511791953703669478e+00 3.218587724471438927e-02
8.557009221323189863e+00 3.236115418347667444e-02
8.602466697033097631e+00 3.253736786218919264e-02
8.648165656892944142e+00 3.271452319553302263e-02
8.694107383741133788e+00 3.289261642937765795e-02
8.740293167230873905e+00 3.307165239056569089e-02
8.786724303866417785e+00 3.325164471674319638e-02
8.833402097039442680e+00 3.343258958965810573e-02
8.880327857065669406e+00 3.361450078980995904e-02
8.927502901221593845e+00 3.379738338332866077e-02
8.974928553781500895e+00 3.398123348746966838e-02
9.022606146054625853e+00 3.416605607756953433e-02
9.070537016422544951e+00 3.435186522429933137e-02
9.118722510376715107e+00 3.453866609726602421e-02
9.167163980556262359e+00 3.472645472548449574e-02
9.215884007118647858e+00 3.491532579702173733e-02
9.264841629176013171e+00 3.510511494217869594e-02
9.314059329241699103e+00 3.529591656400062755e-02
9.363538488930403858e+00 3.548773596473832337e-02
9.413280497196408803e+00 3.568056906059812600e-02
9.463286750372525091e+00 3.587443052170771057e-02
9.513558652209324507e+00 3.606931621808169564e-02
9.564097613914524842e+00 3.626524097341723291e-02
9.614905054192647071e+00 3.646221022590755145e-02
9.665982399284771986e+00 3.666022944166175135e-02
9.717331083008632575e+00 3.685929439751419595e-02
9.768952546798828962e+00 3.705942022991566553e-02
9.820848239747338226e+00 3.726060266789683190e-02
9.873019618644130801e+00 3.746286687933697568e-02
9.925468148018106618e+00 3.766619877678650113e-02
9.978195300178185789e+00 3.787060383779707745e-02
1.003120255525467641e+01 3.807610762955137423e-02
1.008449140124076848e+01 3.828269583493320444e-02
1.013806333403433158e+01 3.849038415332475815e-02
1.019191985747992746e+01 3.869917833524486733e-02
1.024606248341097903e+01 3.890908416069124159e-02
1.030049273169226431e+01 3.912009713879580075e-02
1.035521213026251885e+01 3.933223330001251600e-02
1.041022221517739332e+01 3.954549851279424294e-02
1.046552453065251242e+01 3.975989867566240982e-02
1.052112062910687662e+01 3.997543971735800089e-02
1.057701207120638998e+01 4.019212759699278964e-02
1.063320042590772019e+01 4.040995767100138275e-02
1.068968727050229539e+01 4.062894647992158076e-02
1.074647419066062426e+01 4.084910007399411569e-02
1.080356278047676533e+01 4.107042453443759261e-02
1.086095464251311782e+01 4.129292597360381678e-02
1.091865138784536882e+01 4.151661053513355099e-02
1.097665463610775305e+01 4.174148439411339701e-02
1.103499142451599369e+01 4.196765039120804036e-02
1.109361270698334678e+01 4.219491092661777770e-02
1.115254540380762727e+01 4.242339051245191256e-02
1.121179116931806696e+01 4.265307320439256505e-02
1.127135166663222243e+01 4.288398770116728931e-02
1.133122856770262921e+01 4.311611788610823781e-02
1.139142355336376333e+01 4.334948136972457955e-02
1.145193831337920010e+01 4.358409603539301763e-02
1.151277454648907828e+01 4.381994550439581582e-02
1.157393396045774558e+01 4.405705923946340308e-02
1.163541827212175050e+01 4.429542068479908057e-02
1.169722920743797268e+01 4.453504791714591599e-02
1.175936850153214408e+01 4.477595929338792219e-02
1.182183789874749458e+01 4.501813798848749992e-02
1.188463915269374560e+01 4.526161424942783812e-02
1.194777402629635432e+01 4.550637106923286629e-02
1.201124429184595677e+01 4.575243901437635319e-02
1.207505173104816798e+01 4.599981296901414773e-02
1.213919813507355272e+01 4.624848759731556985e-02
1.220368530460795142e+01 4.649849395130252472e-02
1.226851504990296959e+01 4.674982682895290759e-02
1.233368919082686688e+01 4.700249313838967408e-02
1.239920955691557047e+01 4.725651222221358139e-02
1.246507798742409712e+01 4.751186632670971466e-02
1.253129633137812604e+01 4.776858733132252621e-02
1.259786644762595920e+01 4.802665729028773173e-02
1.266479020489065199e+01 4.828610841971142653e-02
1.273206948182251352e+01 4.854693531175737625e-02
1.279970616705180042e+01 4.880914512623096141e-02
1.286770215924178551e+01 4.907274505946436494e-02
1.293605936714199345e+01 4.933775528055792114e-02
1.300477970964185381e+01 4.960415725604633980e-02
1.307386511582449096e+01 4.987198423450781015e-02
1.314334778866279230e+01 5.014134607983700836e-02
1.321316931127623029e+01 5.041203310211114785e-02
1.328336174738129394e+01 5.068414120028728875e-02
1.335392706738502078e+01 5.095770432995478522e-02
1.342486725216182286e+01 5.123271677539881219e-02
1.349618429310916490e+01 5.150918607228881924e-02
1.356788019220339514e+01 5.178713336257959737e-02
1.363995696205601149e+01 5.206653919525894986e-02
1.371241662597009281e+01 5.234743843038997674e-02
1.378526121799716364e+01 5.262983897695097668e-02
1.385849278299422593e+01 5.291372106843269391e-02
1.393211337668121885e+01 5.319912011952852848e-02
1.400612506569867755e+01 5.348603015588748733e-02
1.408052992766579870e+01 5.377447310873090247e-02
1.415533005123869970e+01 5.406444293779955751e-02
1.423052753616911836e+01 5.435594757513417113e-02
1.430612449336329028e+01 5.464900929928645512e-02
1.438212304494127203e+01 5.494360758702083319e-02
1.445852532429643489e+01 5.523979363972190970e-02
1.453533347615543825e+01 5.553753240703717536e-02
1.461254965663835748e+01 5.583686102086091174e-02
1.469017603331926658e+01 5.613778789270394698e-02
1.476821478528704290e+01 5.644029194173769137e-02
1.484666810320658037e+01 5.674441089049865605e-02
1.492553818938023369e+01 5.705015328095548038e-02
1.500482725780969950e+01 5.735751269501238730e-02
1.508453753425809829e+01 5.766649752526487038e-02
1.516467125631253055e+01 5.797713137166764230e-02
1.524523067344681593e+01 5.828940770885157607e-02
1.532621804708470137e+01 5.860335038561527432e-02
1.540763565066329299e+01 5.891895280449293421e-02
1.548948576969691793e+01 5.923622357625115548e-02
1.557177070184123657e+01 5.955518692720462165e-02
1.565452880280095194e+01 5.987598967346117323e-02
1.573769049450862312e+01 6.019835007437839697e-02
1.582129396680609368e+01 6.052241405085879294e-02
1.590534156656831222e+01 6.084820634277580270e-02
1.598983565313752031e+01 6.117572009320233067e-02
1.607477859838954259e+01 6.150498030280751594e-02
1.616017278680031666e+01 6.183598003884256677e-02
1.624602061551286525e+01 6.216874456550677830e-02
1.633232449440457046e+01 6.250328320570247564e-02
1.641908684615483693e+01 6.283958891203547670e-02
1.650631010631307305e+01 6.317767084357180096e-02
1.659399672336709486e+01 6.351755479989133757e-02
1.668214915881182847e+01 6.385925029778252715e-02
1.677076988721843875e+01 6.420275013305365430e-02
1.685986139630374936e+01 6.454808051491728316e-02
1.694942618700014236e+01 6.489523415946009399e-02
1.703946677352568528e+01 6.524423755209725340e-02
1.712998568345476258e+01 6.559508332829756816e-02
1.722098545778903755e+01 6.594779825257403305e-02
1.731246865102871979e+01 6.630239219133993167e-02
1.740443783124434418e+01 6.665885765816319253e-02
1.749689558014881285e+01 6.701722184243129321e-02
1.758984449316990251e+01 6.737747717481946952e-02
1.768328717952306661e+01 6.773965113119388703e-02
1.777722626228476344e+01 6.810375383563112284e-02
1.787166437846600431e+01 6.846977759346392634e-02
1.796660417908644902e+01 6.883775031666883315e-02
1.806204832924876058e+01 6.920768228739429540e-02
1.815799950821348929e+01 6.957956568352524629e-02
1.825446040947420201e+01 6.995342886003755312e-02
1.835143374083316914e+01 7.032928225958566537e-02
1.844892222447732166e+01 7.070711793046509375e-02
1.854692859705471264e+01 7.108696467764885618e-02
1.864545560975127714e+01 7.146883310676785395e-02
1.874454918923798274e+01 7.185288058153189994e-02
1.884412602355290645e+01 7.223880635828187902e-02
1.894423184076476829e+01 7.262678577141751246e-02
1.904486945099411344e+01 7.301681060346655594e-02
1.914604167928966305e+01 7.340891058089853149e-02
1.924775136570771750e+01 7.380309664288552118e-02
1.935000136539179039e+01 7.419937978572180293e-02
1.945279454865283952e+01 7.459775161032485002e-02
1.955613380104976784e+01 7.499826203037088246e-02
1.966002202347048211e+01 7.540086354525088463e-02
1.976446213221327142e+01 7.580562604945952077e-02
1.986945705906875048e+01 7.621252140210175996e-02
1.997500975140205526e+01 7.662160058013983699e-02
2.008112317223568510e+01 7.703283514079621586e-02
2.018780030033259010e+01 7.744623622636261084e-02
2.029504413027986232e+01 7.786185562564217066e-02
2.040285767257273264e+01 7.827966443521747197e-02
2.051124395369915021e+01 7.869969448216804220e-02
2.062020601622466032e+01 7.912195746650375894e-02
2.072974691887789689e+01 7.954646514927934953e-02
2.083986973663636633e+01 7.997320851303942046e-02
2.095057756081285305e+01 8.040224101090709397e-02
2.106187349914208795e+01 8.083353279734541152e-02
2.117376067586810962e+01 8.126711671885278321e-02
2.128624223183186004e+01 8.170300484468247249e-02
2.139932132455943403e+01 8.214118790771476886e-02
2.151300112835063771e+01 8.258172078838718622e-02
2.162728483436819715e+01 8.302457283224422280e-02
2.174217565072721214e+01 8.346977775978861591e-02
2.185767680258534185e+01 8.391736981412420415e-02
2.197379153223323200e+01 8.436731784601596285e-02
2.209052309918561718e+01 8.481963402203396285e-02
2.220787478027274275e+01 8.527437498603555877e-02
2.232590127696069970e+01 8.573172881434441839e-02
2.244450335962180887e+01 8.619129202360624464e-02
2.256373549317478222e+01 8.665331851327857937e-02
2.268360102464457029e+01 8.711777611841098334e-02
2.280410331883649633e+01 8.758470019309803900e-02
2.292524575843082246e+01 8.805410371420938076e-02
2.304703174407760358e+01 8.852599972623997893e-02
2.316946469449224111e+01 8.900040134165916605e-02
2.329254804655137079e+01 8.947732174126107885e-02
2.341628525538941830e+01 8.995677417451743152e-02
2.354067979449550663e+01 9.043877195993119122e-02
2.366573515581104914e+01 9.092332848539323720e-02
2.379145484982768366e+01 9.141043341708483816e-02
2.391784240568591713e+01 9.190014773926954983e-02
2.404490137127409000e+01 9.239246138441657707e-02
2.417263531332805826e+01 9.288736384892508358e-02
2.430104781753126986e+01 9.338491708988276574e-02
2.443014248861540239e+01 9.388508644403396886e-02
2.455992295046163676e+01 9.438793452560270691e-02
2.469039284620227548e+01 9.489342629916598659e-02
2.482155583832311052e+01 9.540162504303904834e-02
2.495341560876614295e+01 9.591249534562128198e-02
2.508597585903303440e+01 9.642610115634767110e-02
2.521924031028892443e+01 9.694240668338627298e-02
2.535321270346696920e+01 9.746147655439442448e-02
2.548789679937327790e+01 9.798327459321148902e-02
2.562329637879256694e+01 9.850786611289476247e-02
2.575941524259420135e+01 9.903521454881300534e-02
2.589625721183898577e+01 9.956538590667708688e-02
2.603382612788633210e+01 1.000983692630246363e-01
2.617212585250219092e+01 1.006341532220717955e-01
2.631116026796734886e+01 1.011728048422795706e-01
2.645093327718652887e+01 1.017143130203599644e-01
2.659151003294194737e+01 1.022589016326498068e-01
2.673277234669521008e+01 1.028061691481410717e-01
2.687478508948625233e+01 1.033563384868305263e-01
2.701755224782586851e+01 1.039094248924815334e-01
2.716107782940246551e+01 1.044654436881671394e-01
2.730536586319447778e+01 1.050244102766780263e-01
2.745042039958358160e+01 1.055863675913538691e-01
2.759624551046826468e+01 1.061512764406390558e-01
2.774284528937825556e+01 1.067191797743194531e-01
2.789022385158932948e+01 1.072901212084111516e-01
2.803838533423892798e+01 1.078640889565971733e-01
2.818733389644217979e+01 1.084410707237009053e-01
2.833707371940878517e+01 1.090211387094602580e-01
2.848760900656026962e+01 1.096042809333732243e-01
2.863894398364807259e+01 1.101905135368287103e-01
2.879108289887208372e+01 1.107798527451506893e-01
2.894403002299999628e+01 1.113723438120605841e-01
2.909778964948708335e+01 1.119679453977504985e-01
2.925236609459684090e+01 1.125667320254043757e-01
2.940776369752202513e+01 1.131686619110987141e-01
2.956398682050658877e+01 1.137738103681430052e-01
2.972103984896800810e+01 1.143821648847496014e-01
2.987892719162050881e+01 1.149937422885206062e-01
3.003765328059871109e+01 1.156085895321822404e-01
3.019722257158217005e+01 1.162266637029914645e-01
3.035763954392031039e+01 1.168480421288869281e-01
3.051890870075832396e+01 1.174726814360588234e-01
3.068103456916342253e+01 1.181006597722536189e-01
3.084402170025207468e+01 1.187319949856664447e-01
3.100787466931760150e+01 1.193666430041435966e-01
3.117259807595878840e+01 1.200046520514493342e-01
3.133819654420881662e+01 1.206460710996640068e-01
3.150467472266523572e+01 1.212908868690547454e-01
3.167203728462031975e+01 1.219391171798761692e-01
3.184036224325143039e+01 1.225910622209973044e-01
3.200950808098880884e+01 1.232462089642312325e-01
3.217955247365484439e+01 1.239048246151625704e-01
3.235050019465082727e+01 1.245669273700109880e-01
3.252235604273581515e+01 1.252325355195210987e-01
3.269512484216140535e+01 1.259016674494486121e-01
3.286881144280700795e+01 1.265743745098597550e-01
3.304342072031622735e+01 1.272506097149864457e-01
3.321895757623346412e+01 1.279304908716024092e-01
3.339542693814173902e+01 1.286139376229567532e-01
3.357283375980082241e+01 1.293010018834789832e-01
3.375118302128647940e+01 1.299917363733602560e-01
3.393047972913008437e+01 1.306861267675214766e-01
3.411072891645932970e+01 1.313841922353396752e-01
3.429193564313938936e+01 1.320859863376651067e-01
3.447410499591504163e+01 1.327914945158650828e-01
3.465724208855338162e+01 1.335007362423702715e-01
3.484135206198742907e+01 1.342137310907121905e-01
3.502644008446045376e+01 1.349305337624825962e-01
3.521251135167096891e+01 1.356511293806777763e-01
3.539957108691874055e+01 1.363755378282242303e-01
3.558762454125120911e+01 1.371037790912636167e-01
3.577667699361108333e+01 1.378359090363605877e-01
3.596673375098438896e+01 1.385719124611176356e-01
3.615780014854954771e+01 1.393118096675441397e-01
3.634988154982704600e+01 1.400556574129050158e-01
3.654298334683010552e+01 1.408034402468209545e-01
3.673711096021592226e+01 1.415551787921272842e-01
3.693226983943797848e+01 1.423108937786873307e-01
3.712846546289884486e+01 1.430706431724070860e-01
3.732570333810412677e+01 1.438344111848675611e-01
3.752398900181696462e+01 1.446022563974568576e-01
3.772332802021353615e+01 1.453741251282007485e-01
3.792381331174586734e+01 1.461504504264864168e-01
3.812527632035753555e+01 1.469305830329863949e-01
3.832780956269032657e+01 1.477148414652746655e-01
3.853141872415625357e+01 1.485032473392335906e-01
3.873610952037007138e+01 1.492958223828913522e-01
3.894188769730956778e+01 1.500926273788847354e-01
3.914875903147702729e+01 1.508936457531179776e-01
3.935672933006121355e+01 1.516988995768183968e-01
3.956580443110055256e+01 1.525084506015075003e-01
3.977599020364684179e+01 1.533222819825460492e-01
3.998729254793018839e+01 1.541404561270382223e-01
4.019971739552445911e+01 1.549629560086373536e-01
4.041327070951395228e+01 1.557898042837073671e-01
4.062795848466062409e+01 1.566210237261176086e-01
4.084378674757255823e+01 1.574566780716332437e-01
4.106076155687294715e+01 1.582967909818716601e-01
4.127888900337033817e+01 1.591413036869125663e-01
4.149817521022945499e+01 1.599903632803350018e-01
4.171862633314326274e+01 1.608438693029855260e-01
4.194024856050556593e+01 1.617019284727345962e-01
4.216304811358491378e+01 1.625645229155078253e-01
4.238703124669907396e+01 1.634317187649288461e-01
4.261220424739078538e+01 1.643034979540256846e-01
4.283857343660402961e+01 1.651798844798514909e-01
4.306614516886171629e+01 1.660609455300174897e-01
4.329492583244383752e+01 1.669466627424558980e-01
4.352492184956700783e+01 1.678371040179430784e-01
4.375613967656452985e+01 1.687322507962094598e-01
4.398858580406785279e+01 1.696321716987533867e-01
4.422226675718854949e+01 1.705368037426846228e-01
4.445718909570171462e+01 1.714463044874715292e-01
4.469335941422988867e+01 1.723605662880093869e-01
4.493078434242838881e+01 1.732797483795188997e-01
4.516957455184049053e+01 1.742041430868466467e-01
4.540952928192309201e+01 1.751330658294690257e-01
4.565075872563895842e+01 1.760669418712537682e-01
4.589326965466054986e+01 1.770057058377906278e-01
4.613706887663361300e+01 1.779495212304539331e-01
4.638216323536815366e+01 1.788983227069767257e-01
4.662855961103066704e+01 1.798521363611370327e-01
4.687626492033713532e+01 1.808109884219296359e-01
4.712528611674738244e+01 1.817749995048323075e-01
4.737563019066004699e+01 1.827440554865311928e-01
4.762730416960902602e+01 1.837182775134123813e-01
4.788031511846053689e+01 1.846976931253650200e-01
4.813467013961167851e+01 1.856822818744201520e-01
4.839037637318953955e+01 1.866720708277544438e-01
4.864744099725189841e+01 1.876671358402166589e-01
4.890587122798847020e+01 1.886674561295834107e-01
4.916567431992370985e+01 1.896731083556772168e-01
4.942685756612028314e+01 1.906840715117656682e-01
4.968942829838382380e+01 1.917004230711724655e-01
4.995339388746890563e+01 1.927221418002166287e-01
5.021876174328566833e+01 1.937493059943408980e-01
5.048553931510813442e+01 1.947818941904493895e-01
5.075373409178303774e+01 1.958199855148128055e-01
5.102335360194030045e+01 1.968635582724270472e-01
5.129440541420413524e+01 1.979126924291919887e-01
5.156689713740573922e+01 1.989673660556746937e-01
5.184083642079664855e+01 2.000276599662982047e-01
5.211623095426371322e+01 2.010935519946528138e-01
5.239308846854471113e+01 2.021651238126729588e-01
5.267141673544561797e+01 2.032423530143962487e-01
5.295122356805850217e+01 2.043253221383514728e-01
5.323251682098113235e+01 2.054140085364197232e-01
5.351530439053718879e+01 2.065084421075990551e-01
5.379959421499819427e+01 2.076087605048945184e-01
5.408551881117209348e+01 2.087153680660873978e-01
5.437283779073913337e+01 2.098273365578384730e-01
5.466168309746057474e+01 2.109452292115086836e-01
5.495206283965758587e+01 2.120690226365443132e-01
5.524398516872534515e+01 2.131988029308185817e-01
5.553745827936169377e+01 2.143345464509166798e-01
5.583249040979730182e+01 2.154763402081854851e-01
5.612908984202676521e+01 2.166242164326892261e-01
5.642726490204132261e+01 2.177781510989184877e-01
5.672702396006231851e+01 2.189381758819563262e-01
5.702837543077642124e+01 2.201043796492319904e-01
5.733132777357158716e+01 2.212767953134657517e-01
5.763588949277479401e+01 2.224553983267991142e-01
5.794206913789049906e+01 2.236402789770370048e-01
5.824987530384085943e+01 2.248314124508823397e-01
5.855931663120684760e+01 2.260288899939978668e-01
5.887040180647095866e+01 2.272327453951629161e-01
5.918313956226083405e+01 2.284428942568365872e-01
5.949753867759466885e+01 2.296595473348965744e-01
5.981360797812740770e+01 2.308826202718510523e-01
6.013135633639868871e+01 2.321122067551438517e-01
6.045079267208171814e+01 2.333482810220388060e-01
6.077192595223387883e+01 2.345909377538498986e-01
6.109476519154821261e+01 2.358401509091961057e-01
6.141931945260671455e+01 2.370960161737864502e-01
6.174559784613447988e+01 2.383585689701618604e-01
6.207360953125574099e+01 2.396277828358785722e-01
6.240336371575067886e+01 2.409036925824679654e-01
6.273486965631418144e+01 2.421864586713291245e-01
6.306813665881541908e+01 2.434759921385000470e-01
6.340317407855935983e+01 2.447723283492898305e-01
6.373999132054909467e+01 2.460755665919816537e-01
6.407859783975015944e+01 2.473857436146076894e-01
6.441915147176273138e+01 2.487034046019432343e-01
6.476136589943719457e+01 2.500275081576180392e-01
6.510539827584017303e+01 2.513585961363724031e-01
6.545125825847672729e+01 2.526967704833990025e-01
6.579895555615564717e+01 2.540420689245168617e-01
6.614849992926178857e+01 2.553944632378850055e-01
6.649990119003035716e+01 2.567540569977703191e-01
6.685316920282201636e+01 2.581208216769570463e-01
6.720831388440011267e+01 2.594948619483047336e-01
6.756534520420873946e+01 2.608762165412443768e-01
6.792427318465293240e+01 2.622648564670981286e-01
6.828510790137966069e+01 2.636608880713254277e-01
6.864785948356102097e+01 2.650643506993964893e-01
6.901253811417821282e+01 2.664752148936755383e-01
6.937915403030775963e+01 2.678935886989192716e-01
6.974771752340851094e+01 2.693194423386856551e-01
7.011823893961093290e+01 2.707528850036790558e-01
7.049072868000716596e+01 2.721939570859098767e-01
7.086519720094320007e+01 2.736426283271737314e-01
7.124165501431242831e+01 2.750990096628723180e-01
7.162011268785056473e+01 2.765630705072902318e-01
7.200058084543253756e+01 2.780349229723926840e-01
7.238307016737043398e+01 2.795146085244579748e-01
7.276759139071357652e+01 2.810021688504438231e-01
7.315415530954970791e+01 2.824975727050053620e-01
7.354277277530819390e+01 2.840009345969082277e-01
7.393345469706444817e+01 2.855122229425698377e-01
7.432621204184637520e+01 2.870315534651735612e-01
7.472105583494197845e+01 2.885589689602723329e-01
7.511799716020915696e+01 2.900944373331537651e-01
7.551704716038652521e+01 2.916380761559421719e-01
7.591821703740653504e+01 2.931899289046669410e-01
7.632151805270956402e+01 2.947499629651797459e-01
7.672713819812167912e+01 2.963189800869347468e-01
7.713473645245574062e+01 2.978955863351672728e-01
7.754449999459846765e+01 2.994806586596390208e-01
7.795644032722746886e+01 3.010740870154189897e-01
7.837056901412603338e+01 3.026759150362842710e-01
7.878689768050794839e+01 3.042863441553876891e-01
7.920543801334359557e+01 3.059051833537472787e-01
7.962620176168830710e+01 3.075327145750013647e-01
8.004920073701184435e+01 3.091688248085129320e-01
8.047444681353033502e+01 3.108136393222596938e-01
8.090195192853923345e+01 3.124672044238374080e-01
8.133172808274875365e+01 3.141294853354745231e-01
8.176378734062042497e+01 3.158006093264073555e-01
8.219814183070612046e+01 3.174806234403663718e-01
8.263480374598807998e+01 3.191694923365417935e-01
8.307378534422170446e+01 3.208673453173649937e-01
8.351509894827911751e+01 3.225742301743638740e-01
8.395875694649555498e+01 3.242901109945404703e-01
8.440477179301676358e+01 3.260151191459631503e-01
8.485315600814890047e+01 3.277493031798074941e-01
8.530392217870966931e+01 3.294927119055072740e-01
8.575708295838204265e+01 3.312453086350464204e-01
8.621265106806907852e+01 3.330072275444514451e-01
8.667063929625139451e+01 3.347784315483047224e-01
8.713106049934575026e+01 3.365590562453708579e-01
8.759392760206637263e+01 3.383491517424293549e-01
8.805925359778736095e+01 3.401487684127668110e-01
8.852705154890784911e+01 3.419578683705437605e-01
8.899733458721823354e+01 3.437765901128073120e-01
8.947011591426924326e+01 3.456049848134074010e-01
8.994540880174216113e+01 3.474431039183633052e-01
9.042322659182171662e+01 3.492909087240855248e-01
9.090358269757020082e+01 3.511485406877976612e-01
9.138649060330452301e+01 3.530159606865989619e-01
9.187217540823219508e+01 3.548942207227404610e-01
9.236022877758335881e+01 3.567815603529340129e-01
9.285087483716178269e+01 3.586789369083380197e-01
9.334412736013860012e+01 3.605863104214135362e-01
9.384000019285244321e+01 3.625038269049887796e-01
9.433850725519779701e+01 3.644315402969742212e-01
9.483966254101609650e+01 3.663695048221093375e-01
9.534348011848823035e+01 3.683176796500072236e-01
9.584997413052974480e+01 3.702762139141409503e-01
9.635915879518756810e+01 3.722451627008478980e-01
9.687104840603947764e+01 3.742244845183392288e-01
9.738565733259494550e+01 3.762144282678409057e-01
9.790300002069892571e+01 3.782148556569632225e-01
9.842309099293693464e+01 3.802258213928210728e-01
9.894594484904315834e+01 3.822475783570441488e-01
9.947157626630992411e+01 3.842799860340762597e-01
1.000000000000000000e+02 3.863232000000000332e-01
