4.999999950079739852e-01 2.789571972148767974e-03
5.026561494002576014e-01 2.806835959500233318e-03
5.053264141049929048e-01 2.824194540123517883e-03
5.080108640805183207e-01 2.841644114059545170e-03
5.107095746833729688e-01 2.859187125481876639e-03
5.134226216704131929e-01 2.876824009577066184e-03
5.161500812009390815e-01 2.894555203172592510e-03
5.188920298388336461e-01 2.912381144740183291e-03
5.216485445547095479e-01 2.930302274399091203e-03
5.244197027280715906e-01 2.948319033919382087e-03
5.272055821494878725e-01 2.966431866725180617e-03
5.300062610227755933e-01 2.984641217897909468e-03
5.328218179671931898e-01 3.002949665466750698e-03
5.356523320196493465e-01 3.021353406584816655e-03
5.384978826369208882e-01 3.039855011349907286e-03
5.413585496978848832e-01 3.058454931504773003e-03
5.442344135057582966e-01 3.077155797402908281e-03
5.471268145949504946e-01 3.095960850530695384e-03
5.500333212074142164e-01 3.114860699330435252e-03
5.529552680806418818e-01 3.133860710920604101e-03
5.558927372380672027e-01 3.152961345627746607e-03
5.588458111388572291e-01 3.172163065468027680e-03
5.618145726802290518e-01 3.191466334150216619e-03
5.647991051997738321e-01 3.210873876275031208e-03
5.677994924777982622e-01 3.230383923751906864e-03
5.708158187396754624e-01 3.249996945576216073e-03
5.738481686582114216e-01 3.269713412448900600e-03
5.768966273560180991e-01 3.289533796779297789e-03
5.799612804079063988e-01 3.309460892533095788e-03
5.830422138432856949e-01 3.329492880347202990e-03
5.861395141485824523e-01 3.349632582527413416e-03
5.892532682696638435e-01 3.369878158894307196e-03
5.923835636142807948e-01 3.390230090838564688e-03
5.955304880545205792e-01 3.410688861478519424e-03
5.986941299292761753e-01 3.431257350439345568e-03
6.018745780467220641e-01 3.451933674969677717e-03
6.050719216868097883e-01 3.472720743877034943e-03
6.082862506037729489e-01 3.493616652847694477e-03
6.115176550286494095e-01 3.514624340158558485e-03
6.147662256718099405e-01 3.535741879679820537e-03
6.180320537255077351e-01 3.556969767319273761e-03
6.213152308664366963e-01 3.578310985997986728e-03
6.246158492583073762e-01 3.599763576274903846e-03
6.279340015544307985e-01 3.621333063004495301e-03
6.312697809003213756e-01 3.643012454151529911e-03
6.346232809363108185e-01 3.664807291792264790e-03
6.379945958001790318e-01 3.686718123269297834e-03
6.413838201297928920e-01 3.708742932589075090e-03
6.447910490657656757e-01 3.730884809775941030e-03
6.482163782541267016e-01 3.753144308570750039e-03
6.516614043531141487e-01 3.775528071755020112e-03
6.551232309905856699e-01 3.798021901316517464e-03
6.586034479202970138e-01 3.820634999385601454e-03
6.621021528371614506e-01 3.843365279971931985e-03
6.656194439550759956e-01 3.866215928001973980e-03
6.691554200096806460e-01 3.889187510151544819e-03
6.727101802611290537e-01 3.912280595344648330e-03
6.762838244968775170e-01 3.935493049624082598e-03
6.798764530344819645e-01 3.958830842327987730e-03
6.834881667244169234e-01 3.982289124366477154e-03
6.871190669529059214e-01 4.005871178620227374e-03
6.907692556447664334e-01 4.029577585110541947e-03
6.944388352662743680e-01 4.053406148385151238e-03
6.981279088280358813e-01 4.077362993789072909e-03
7.018365798878822837e-01 4.101443137782557688e-03
7.055649525537748268e-01 4.125652769327498026e-03
7.093131314867309190e-01 4.149986850146994942e-03
7.130812219037575561e-01 4.174451633471674451e-03
7.168693295808075128e-01 4.199042025678351858e-03
7.206775608557471902e-01 4.223764344924823590e-03
7.245060226313452256e-01 4.248613441625648419e-03
7.283548223782682074e-01 4.273595699530882697e-03
7.322240681381009253e-01 4.298705912469892067e-03
7.361138685263777237e-01 4.323950530456787018e-03
7.400243327356343936e-01 4.349327250203158593e-03
7.439555705384691686e-01 4.374836684196031431e-03
7.479076922906265912e-01 4.400479447284205009e-03
7.518808089340943690e-01 4.426256156683827311e-03
7.558750320002211032e-01 4.452170455484117523e-03
7.598904736128412329e-01 4.478219974276035145e-03
7.639272464914270699e-01 4.504405337667120347e-03
7.679854639542503802e-01 4.530727172656243487e-03
7.720652399215671702e-01 4.557186108639122400e-03
7.761666889188105767e-01 4.583785882080530089e-03
7.802917227658289212e-01 4.610534671641582094e-03
7.844368733805883176e-01 4.637415081566400969e-03
7.886040443155917234e-01 4.664435201317862316e-03
7.927933525495809430e-01 4.691595672891320581e-03
7.970049156827242465e-01 4.718900328734947948e-03
8.012388519399206155e-01 4.746346661567624713e-03
8.054952801741139812e-01 4.773935320970161891e-03
8.097743198696324418e-01 4.801670198071767391e-03
8.140760911455412474e-01 4.829551998982026945e-03
8.184007147590171005e-01 4.857578159217837248e-03
8.227483121087341145e-01 4.885749338748035693e-03
8.271190052382744184e-01 4.914069508493572845e-03
8.315129168395524184e-01 4.942539386107639050e-03
8.359301702562623726e-01 4.971156348569475379e-03
8.403708894873357371e-01 4.999924427830780560e-03
8.448351991904258229e-01 5.028840971091448273e-03
8.493232246854045542e-01 5.057910051403913775e-03
8.538350919578845399e-01 5.087132401183237090e-03
8.583709276627501383e-01 5.116505322454196515e-03
8.629308591277166096e-01 5.146032950833154436e-03
8.675150143569024808e-01 5.175716027755289730e-03
8.721235220344261130e-01 5.205551809283611581e-03
8.767565115280133714e-01 5.235548001563485911e-03
8.814141128926318292e-01 5.265698359709291079e-03
8.860964568741408476e-01 5.296007125902053685e-03
8.908036749129643050e-01 5.326471493774579541e-03
8.955358991477758712e-01 5.357099330845591957e-03
9.002932624192117039e-01 5.387884254754865543e-03
9.050758982735971347e-01 5.418834215107750166e-03
9.098839409666997780e-01 5.449942759815532695e-03
9.147175254674925204e-01 5.481214262547532204e-03
9.195767874619461546e-01 5.512649499019675950e-03
9.244618633568372212e-01 5.544249248177785840e-03
9.293750302462031598e-01 5.576027131469959812e-03
9.343121574328300261e-01 5.607958329332370095e-03
9.392755121638417526e-01 5.640056396584074670e-03
9.442652337680562669e-01 5.672322125194637250e-03
9.492814623144459896e-01 5.704760107540552544e-03
9.543243386160742414e-01 5.737363568083648363e-03
9.593940042340455276e-01 5.770137085729056502e-03
9.644906014814838002e-01 5.803085323595296753e-03
9.696142734275214892e-01 5.836201394730500085e-03
9.747651639013189540e-01 5.869493847582614270e-03
9.799434174961019206e-01 5.902959639670999487e-03
9.851491795732190138e-01 5.936599589832738076e-03
9.903825962662256011e-01 5.970418481800928920e-03
9.956438144849815153e-01 6.004409239138287779e-03
1.000932981919777420e+00 6.038580635138885051e-03
1.006250247045479496e+00 6.072929540970855265e-03
1.011595759125702099e+00 6.107460839124988564e-03
1.016969668216989975e+00 6.142171365736789901e-03
1.022372125173035995e+00 6.177061964105965385e-03
1.027803281648913103e+00 6.212133480974815422e-03
1.033263290105336685e+00 6.247390899591773704e-03
1.038752303812936706e+00 6.282835139483533733e-03
1.044270476856565155e+00 6.318458770186425807e-03
1.049817964139619919e+00 6.354270984994586299e-03
1.055394921388395968e+00 6.390272715297429587e-03
1.061001505156451641e+00 6.426460652696502907e-03
1.066637872829007128e+00 6.462839935949288295e-03
1.072304182627360047e+00 6.499407219573649641e-03
1.078000593613333002e+00 6.536163383212981529e-03
1.083727265693729125e+00 6.573113644975924451e-03
1.089484359624828036e+00 6.610258960713788837e-03
1.095272037016894906e+00 6.647595909500713524e-03
1.101090460338722155e+00 6.685129790367626973e-03
1.106942341748183400e+00 6.722877051757215200e-03
1.112822761332970867e+00 6.760803342582923960e-03
1.118734419522688928e+00 6.798929437142017460e-03
1.124677482266452699e+00 6.837256316652374349e-03
1.130652116394952778e+00 6.875780444131038976e-03
1.136658489625133939e+00 6.914507284185738602e-03
1.142696770564908926e+00 6.953437830925773312e-03
1.148767128717884223e+00 6.992568487848335734e-03
1.154869734488123134e+00 7.031904804240483517e-03
1.161004759184926183e+00 7.071447787243549665e-03
1.167172375027646591e+00 7.111198448504441050e-03
1.173372755150515090e+00 7.151157804192978702e-03
1.179606073607506689e+00 7.191322156595037277e-03
1.185872505377223884e+00 7.231701942761452340e-03
1.192172226367812726e+00 7.272288730354901573e-03
1.198505413421894428e+00 7.313088271834253598e-03
1.204872244321533836e+00 7.354101605841710174e-03
1.211272897793227443e+00 7.395329775644726364e-03
1.217707553512926477e+00 7.436773829153715126e-03
1.224176392111072431e+00 7.478434818939720674e-03
1.230679595177672114e+00 7.520313802252201127e-03
1.237217345267394020e+00 7.562411841036848457e-03
1.243789825904696666e+00 7.604730001953460480e-03
1.250397221588974261e+00 7.647269356393803300e-03
1.257039717799738776e+00 7.690030980499583044e-03
1.263717501001826227e+00 7.733015955180435816e-03
1.270430758650635150e+00 7.776230447855017255e-03
1.277179679197380846e+00 7.819665412572601032e-03
1.283964452094391362e+00 7.863332135383597349e-03
1.290785267800422575e+00 7.907221472018607228e-03
1.297642317786009691e+00 7.951344826787944478e-03
1.304535794538835169e+00 7.995698174169290837e-03
1.311465891569136843e+00 8.040282629396402342e-03
1.318432803415137800e+00 8.085104586350854231e-03
1.325439777582867906e+00 8.130173371065767610e-03
1.332480923027035580e+00 8.175463352850836224e-03
1.339559473210371499e+00 8.220994368325691692e-03
1.346675626838405249e+00 8.266756869935307922e-03
1.353829583672246706e+00 8.312762748390989387e-03
1.361021544534200878e+00 8.359007796410414942e-03
1.368251711313400065e+00 8.405493170002088787e-03
1.375520286971479322e+00 8.452225532327422436e-03
1.382827475548263685e+00 8.499200605933563898e-03
1.390173482167502250e+00 8.546425123260439904e-03
1.397558513042625572e+00 8.593889169337922546e-03
1.404982775482531698e+00 8.641610697367102523e-03
1.412446477897411068e+00 8.689574124317690079e-03
1.419949829804590280e+00 8.737797592886207415e-03
1.427493041834417831e+00 8.786265352268179604e-03
1.435076325736173608e+00 8.834989996341724092e-03
1.442699894384020576e+00 8.883972825629473172e-03
1.450363961782969335e+00 8.933209345442302482e-03
1.458068743074893758e+00 8.982706608636582130e-03
1.465814454544565271e+00 9.032460070802156640e-03
1.473601313625732434e+00 9.082476858074403983e-03
1.481429538907213628e+00 9.132752375764123867e-03
1.489299350139040579e+00 9.183293824037749853e-03
1.497210968238622764e+00 9.234096557362689653e-03
1.505164615296956887e+00 9.285167850696168443e-03
1.513160514584849903e+00 9.336509059733500912e-03
1.521198890559194883e+00 9.388115461859443747e-03
1.529279968869266870e+00 9.439994445915089738e-03
1.537403976363064029e+00 9.492147386622249230e-03
1.545571141093667666e+00 9.544575665270916068e-03
1.553781692325647779e+00 9.597274454621674764e-03
1.562035860541497234e+00 9.650245050138485381e-03
1.570333877448108595e+00 9.703501315559999799e-03
1.578679611023222185e+00 9.757054594802800143e-03
1.587066044672607035e+00 9.810867740579513538e-03
1.595497029647584997e+00 9.864964516299137495e-03
1.603972802618555349e+00 9.919346348974563549e-03
1.612493601513184993e+00 9.974008222441337404e-03
1.621059665523084226e+00 1.002895795878236580e-02
1.629671235110528249e+00 1.008420352363079489e-02
1.638328552015197559e+00 1.013972681476359335e-02
1.647031859260969400e+00 1.019554884898137177e-02
1.655781401162737865e+00 1.025166457528941741e-02
1.664577423333277517e+00 1.030806881004334673e-02
1.673420172690129659e+00 1.036477631616259873e-02
1.682309897462538784e+00 1.042177522998863175e-02
1.691246847198418557e+00 1.047908047002701210e-02
1.700231272771363322e+00 1.053668004454378325e-02
1.709263426387680029e+00 1.059458219220840193e-02
1.718343561593475233e+00 1.065278842960779189e-02
1.727471933281769401e+00 1.071130028051734025e-02
1.736648797699657631e+00 1.077012622252762966e-02
1.745874412455494573e+00 1.082925393759774299e-02
1.755149036526131523e+00 1.088869188114685756e-02
1.764472930264182393e+00 1.094844160602171518e-02
1.773846355405340525e+00 1.100850467241638528e-02
1.783269575075714819e+00 1.106888978098266585e-02
1.792742853799222491e+00 1.112958427844227410e-02
1.802266457505012465e+00 1.119060405167680156e-02
1.811840653534936507e+00 1.125193631075834845e-02
1.821465710651043235e+00 1.131359710993839682e-02
1.831141899043130294e+00 1.137558084572284738e-02
1.840869490336325187e+00 1.143788913126261159e-02
1.850648757598717165e+00 1.150052358732085896e-02
1.860479975349012660e+00 1.156348584230612597e-02
1.870363419564247343e+00 1.162678501375930158e-02
1.880303697241810346e+00 1.169043474050587492e-02
1.890292451190050516e+00 1.175439798806528560e-02
1.900334268484166644e+00 1.181869570662406020e-02
1.910429431013037638e+00 1.188333720568226191e-02
1.920578222163030091e+00 1.194830891803353237e-02
1.930780926825939492e+00 1.201362785165928718e-02
1.941037831406997372e+00 1.207928805693153640e-02
1.951349223832905544e+00 1.214529123389874662e-02
1.961715393559927856e+00 1.221164693746425341e-02
1.972136631582003030e+00 1.227834912020597281e-02
1.982613230438921681e+00 1.234539950692045175e-02
1.993145484224536412e+00 1.241279983050645221e-02
2.003733688595013884e+00 1.248055984693471204e-02
2.014378140777144832e+00 1.254867337563454407e-02
2.025079139576675402e+00 1.261715027501721618e-02
2.035836985386699105e+00 1.268598429717161108e-02
2.046651980196091181e+00 1.275517721740976156e-02
2.057524427597989369e+00 1.282473904946560862e-02
2.068454632798307546e+00 1.289466344267933828e-02
2.079442902624308420e+00 1.296495219814009121e-02
2.090489545533213533e+00 1.303561548733236757e-02
2.101594871620871885e+00 1.310664685514048577e-02
2.112759192630449867e+00 1.317805657981900407e-02
2.123982821961193146e+00 1.324983813588960328e-02
2.135266074677217851e+00 1.332200190948984973e-02
2.146609267516364827e+00 1.339454130400466458e-02
2.158012718899078308e+00 1.346746681457909774e-02
2.169476748937350763e+00 1.354077177267848549e-02
2.181001679443708596e+00 1.361446678359146123e-02
2.192587833940249809e+00 1.368854510607237299e-02
2.204235537667716738e+00 1.376300863975915729e-02
2.215945117594633640e+00 1.383786815694085584e-02
2.227716902426478018e+00 1.391312571629608162e-02
2.239551222614921677e+00 1.398877442874622672e-02
2.251453594524605695e+00 1.406485762243834745e-02
2.263414011352255617e+00 1.414131279184639364e-02
2.275437965607922219e+00 1.421816514561972597e-02
2.287525794822044656e+00 1.429541664937504508e-02
2.299677838318128220e+00 1.437307847660183359e-02
2.311894437222268728e+00 1.445115275787796361e-02
2.324175934472735960e+00 1.452964163457873790e-02
2.336522674829585533e+00 1.460853791283932453e-02
2.348935004884348920e+00 1.468784360684173736e-02
2.361413273069754570e+00 1.476757963144941649e-02
2.373957829669522290e+00 1.484772932904165378e-02
2.386569026828178508e+00 1.492829474364569010e-02
2.399247218560953687e+00 1.500929712277348192e-02
2.411992760763713051e+00 1.509071953945755919e-02
2.424806011222959246e+00 1.517257376721665822e-02
2.437687329625857657e+00 1.525485229381224987e-02
2.450637077570348321e+00 1.533756701623009526e-02
2.463655618575286255e+00 1.542072019485839392e-02
2.476743318090660395e+00 1.550431410151481039e-02
2.489900543507834296e+00 1.558834105990036627e-02
2.503127664169870314e+00 1.567281321864549132e-02
2.516425051381891986e+00 1.575773288335094099e-02
2.529793078421520125e+00 1.584310237126723697e-02
2.543232120549332009e+00 1.592891383842333017e-02
2.556742555019408947e+00 1.601517969038607561e-02
2.570324761089917587e+00 1.610190227883823502e-02
2.583979120033772059e+00 1.618908396733671068e-02
2.597706015149315650e+00 1.627672713137070376e-02
2.611505831771094854e+00 1.636482371239700653e-02
2.625378957280668057e+00 1.645338644498372735e-02
2.639325781117494163e+00 1.654241773988512215e-02
2.653346694789844751e+00 1.663192002001728440e-02
2.667442091885808164e+00 1.672189572051784034e-02
2.681618542732105759e+00 1.681238600071059339e-02
2.695864128615748534e+00 1.690330532246405934e-02
2.710185391451177317e+00 1.699471617120663566e-02
2.724582733257730371e+00 1.708659940676266961e-02
2.739056558190402946e+00 1.717896830882582881e-02
2.753607272551179097e+00 1.727182538621182400e-02
2.768235284800447893e+00 1.736517316037662975e-02
2.782941005568462245e+00 1.745901416547821286e-02
2.797724847666878123e+00 1.755335094843884017e-02
2.812587226100327964e+00 1.764818606900734471e-02
2.827528558078077126e+00 1.774351078970773030e-02
2.842549263025734518e+00 1.783935025627626791e-02
2.857649762597035181e+00 1.793569581696878232e-02
2.872830480685661048e+00 1.803253859214736313e-02
2.888091843437150086e+00 1.812990412823772129e-02
2.903434279260857842e+00 1.822777201893678242e-02
2.918858218841979379e+00 1.832616808132812164e-02
2.934364095153651153e+00 1.842507169022824381e-02
2.949952343469088412e+00 1.852450893623911257e-02
2.965623401373814527e+00 1.862445897294211575e-02
2.981377708777939617e+00 1.872494816734824111e-02
2.997215707928520878e+00 1.882595544942381599e-02
3.013137843421959783e+00 1.892750746550998786e-02
3.029144562216493863e+00 1.902958291955221884e-02
3.045236313644738235e+00 1.913220874017376380e-02
3.061413549426311054e+00 1.923536340286761612e-02
3.077676723680493609e+00 1.933907412152216856e-02
3.094026292938994782e+00 1.944333151682517066e-02
3.110462716158755025e+00 1.954813840447995957e-02
3.126986454734848486e+00 1.965349761432890960e-02
3.143597972513409111e+00 1.975941199042217586e-02
3.160297735804670882e+00 1.986588439108702420e-02
3.177086213396047576e+00 1.997291768899735198e-02
3.193971230947384221e+00 2.008056100839082300e-02
3.210938592544604120e+00 2.018872502560671578e-02
3.227996090006783891e+00 2.029747155816597620e-02
3.245144202163483538e+00 2.040679076203846809e-02
3.262383410387940774e+00 2.051667253425230875e-02
3.279714198610602871e+00 2.062714586589204507e-02
3.297137053332698908e+00 2.073820075256987278e-02
3.314652463639915059e+00 2.084984018539764658e-02
3.332260921216100513e+00 2.096206717048253523e-02
3.349962920357084428e+00 2.107489812885172606e-02
3.367758957984544832e+00 2.118832283933892030e-02
3.385649533659971233e+00 2.130233081201278814e-02
3.403635149598668530e+00 2.141695212809107199e-02
3.421716310683866613e+00 2.153217639987143467e-02
3.439893524480888143e+00 2.164802048570771409e-02
3.458167301251410031e+00 2.176446005384792201e-02
3.476538153967766220e+00 2.188152582720974404e-02
3.495006598327362823e+00 2.199920719296043561e-02
3.513573152767142993e+00 2.211750731359821837e-02
3.532238338478161932e+00 2.223642936745480123e-02
3.551002679420188546e+00 2.235599075278281098e-02
3.569866702336433661e+00 2.247616634724637283e-02
3.588830936768325763e+00 2.259698786141927859e-02
3.607895915070391979e+00 2.271845876652113169e-02
3.627062172425181696e+00 2.284055353592620227e-02
3.646330246858300761e+00 2.296330438646668540e-02
3.665700679253510952e+00 2.308670018036035332e-02
3.685174013367925827e+00 2.321074422788470606e-02
3.704750795847254974e+00 2.333543985587313921e-02
3.724431576241160613e+00 2.346080530552157803e-02
3.744216907018679930e+00 2.358682919757282975e-02
3.764107343583747323e+00 2.371352996670200025e-02
3.784103444290763285e+00 2.384088097516865595e-02
3.804205770460283187e+00 2.396891582876979968e-02
3.824423692445611866e+00 2.409767838840502427e-02
3.844740212225739029e+00 2.422707680474993353e-02
3.865164659633443467e+00 2.435713905692935000e-02
3.885697608013610971e+00 2.448791501034868964e-02
3.906339633756924723e+00 2.461936178386524635e-02
3.927091316316019931e+00 2.475151406482396094e-02
3.947953238221770356e+00 2.488435984764859193e-02
3.968925985099625020e+00 2.501790268722032390e-02
3.990010145686071930e+00 2.515216211621353407e-02
4.011206311845135986e+00 2.528712593462915936e-02
4.032515078585010571e+00 2.542279775221542928e-02
4.053937044074751306e+00 2.555919741248978416e-02
4.075472809661085272e+00 2.569631251786783088e-02
4.097122979885269523e+00 2.583416312228777392e-02
4.118888162500071282e+00 2.597272021956644611e-02
4.140768968486828960e+00 2.611203693987130051e-02
4.162766012072601107e+00 2.625206757853465120e-02
4.184879910747417497e+00 2.639284909118930558e-02
4.207111285281598612e+00 2.653436867538703017e-02
4.229460759743191467e+00 2.667664702835861879e-02
4.251928961515475613e+00 2.681967121024516829e-02
4.274516521314605910e+00 2.696346213772559536e-02
4.297224073207276618e+00 2.710798954315424281e-02
4.320052254628547139e+00 2.725330885145946583e-02
4.343001706399723716e+00 2.739937237343013227e-02
4.366073072746367245e+00 2.754621865906388758e-02
4.389267001316349059e+00 2.769385190292143750e-02
4.412584143198053255e+00 2.784225867170248003e-02
4.436025152938636751e+00 2.799144292374708409e-02
4.459590688562434124e+00 2.814142647548654314e-02
4.483281411589388199e+00 2.829219567597599308e-02
4.507097987053646726e+00 2.844377257292906788e-02
4.531041083522221236e+00 2.859614336884643698e-02
4.555121861657392301e+00 2.874937832253893558e-02
4.579320075779444998e+00 2.890336779141833290e-02
4.603646838288228516e+00 2.905818201410058713e-02
4.628102832072481299e+00 2.921380689518916773e-02
4.652688743648647929e+00 2.937024658032188693e-02
4.677405263180160588e+00 2.952752394540372055e-02
4.702253084496810231e+00 2.968562466662577268e-02
4.727232905114241213e+00 2.984457186237908163e-02
4.752345426253499205e+00 3.000435105504898128e-02
4.777591352860739882e+00 3.016498560807708007e-02
4.802971393627005980e+00 3.032646088838585399e-02
4.828486261008136715e+00 3.048878119311429144e-02
4.854136671244747347e+00 3.065198967388213860e-02
4.879923344382345540e+00 3.081603273050630143e-02
4.905847004291541857e+00 3.098095366357754912e-02
4.931908378688380168e+00 3.114675717079993383e-02
4.958108199154747098e+00 3.131342814258172152e-02
4.984447201158921814e+00 3.148099094875636550e-02
5.010926124076211963e+00 3.164943031745977298e-02
5.037545711209729937e+00 3.181877087681108524e-02
5.064306709811231322e+00 3.198899719092523214e-02
5.091209871102106987e+00 3.216011378409881771e-02
5.118255950294462231e+00 3.233216614917672899e-02
5.145445706612338910e+00 3.250509776277103746e-02
5.172779903312995309e+00 3.267897496582100603e-02
5.200259307708352985e+00 3.285374063142075529e-02
5.227884691186527988e+00 3.302946180583501284e-02
5.255656829233501526e+00 3.320610177481726072e-02
5.283576501454859908e+00 3.338366522956837112e-02
5.311644491597704132e+00 3.356217813118721888e-02
5.339861587572632295e+00 3.374164555623204720e-02
5.368228581475884553e+00 3.392205113548937834e-02
5.396746269611545799e+00 3.410339965773530324e-02
5.425427945009041686e+00 3.428581828479040222e-02
5.454249493829104622e+00 3.446908962416393718e-02
5.483224151617679176e+00 3.465336251711875759e-02
5.512352731736889666e+00 3.483859845043938558e-02
5.541636051869690327e+00 3.502480233863199816e-02
5.571074934042830940e+00 3.521200140491744651e-02
5.600670204649909500e+00 3.540020096789232157e-02
5.630422694474584766e+00 3.558938385288595851e-02
5.660333238713891824e+00 3.577957771790028774e-02
5.690402677001703324e+00 3.597076520374157399e-02
5.720631853432275093e+00 3.616297426147212918e-02
5.751021616583950724e+00 3.635621034947229824e-02
5.781572819542984298e+00 3.655045582899495160e-02
5.812286319927502554e+00 3.674573909748726774e-02
5.843162979911547872e+00 3.694204232667942095e-02
5.874203666249301570e+00 3.713939421489989567e-02
5.905409250299412882e+00 3.733780036395008273e-02
5.936780608049450514e+00 3.753724265843209201e-02
5.968318620140516728e+00 3.773775025497192598e-02
6.000024171891935154e+00 3.793930484351371035e-02
6.031898153326123335e+00 3.814193588959411546e-02
6.063941459193568306e+00 3.834564914216640613e-02
6.096154988997965596e+00 3.855042599626612443e-02
6.128539647021432835e+00 3.875629638795742571e-02
6.161096342349920540e+00 3.896324151234291377e-02
6.193825988898718826e+00 3.917131639794470266e-02
6.226729505438137302e+00 3.938045261878306280e-02
6.259807815619255145e+00 3.959073043220302096e-02
6.293061847999881664e+00 3.980210585375573012e-02
6.326492536070603911e+00 4.001460978318397560e-02
6.360100818281017254e+00 4.022822280490271490e-02
6.393887638066034107e+00 4.044297614600301377e-02
6.427853943872388953e+00 4.065887589364929056e-02
6.462000689185253499e+00 4.087590231949645575e-02
6.496343790922177952e+00 4.109418177198806421e-02
6.530854375454818062e+00 4.131353169368964101e-02
6.565548290870656167e+00 4.153402615875206177e-02
6.600426511079973579e+00 4.175569739951226489e-02
6.635490015166749522e+00 4.197852515431037962e-02
6.670739787416163580e+00 4.220256867988411015e-02
6.706176817342215379e+00 4.242778109732810859e-02
6.741802099715528129e+00 4.265416836052220162e-02
6.777616634591234757e+00 4.288176356332643741e-02
6.813621427337076319e+00 4.311057315084725061e-02
6.849817488661610554e+00 4.334060360257901978e-02
6.886205834642613155e+00 4.357183388776434546e-02
6.922787486755555442e+00 4.380429780739509421e-02
6.959563471902312948e+00 4.403800194290238140e-02
6.996534822439969048e+00 4.427292492468924701e-02
7.033702576209831747e+00 4.450910109339398929e-02
7.071067776566520635e+00 4.474653713397502841e-02
7.108631472407282992e+00 4.498523976705022520e-02
7.146394718201425356e+00 4.522518716350815843e-02
7.184358574019944932e+00 4.546641439772529381e-02
7.222524105565239161e+00 4.570889940592651191e-02
7.260892384201052430e+00 4.595267763399255023e-02
7.299464486982540024e+00 4.619775597881148332e-02
7.338241496686524812e+00 4.644414137405283166e-02
7.377224501841856075e+00 4.669181128146544790e-02
7.416414596759992151e+00 4.694080190424817361e-02
7.455812881565698547e+00 4.719112028509719198e-02
7.495420462227973424e+00 4.744277350426339551e-02
7.535238450591037029e+00 4.769573853879848641e-02
7.575267964405576926e+00 4.795005236538184973e-02
7.615510127360112236e+00 4.820569171354135291e-02
7.655966069112561279e+00 4.846272457544666123e-02
7.696636925321916678e+00 4.872109713193428782e-02
7.737541654007697112e+00 4.898095993236493279e-02
7.778645864917623776e+00 4.924206424160836038e-02
7.819968434090430520e+00 4.950456041099935561e-02
7.861510521512644623e+00 4.976845585999297578e-02
7.903273293332997440e+00 5.003375804759398193e-02
7.945257921895182207e+00 5.030047447256777438e-02
7.987465585770722853e+00 5.056858072378976610e-02
8.029897469792082632e+00 5.083811599059054331e-02
8.072554765085916628e+00 5.110905559936913811e-02
8.115438669106538327e+00 5.138147161624229131e-02
8.158550385669480320e+00 5.165530698544008870e-02
8.201891124985321468e+00 5.193060173348956754e-02
8.245462103693650846e+00 5.220733065607927742e-02
8.289264544897244846e+00 5.248556736068221706e-02
8.333299678196352644e+00 5.276525356718563681e-02
8.377568739723251667e+00 5.304643015717804694e-02
8.422072972176930961e+00 5.332910507249453980e-02
8.466813624857977061e+00 5.361325243003517427e-02
8.511791953703669478e+00 5.389891376392741407e-02
8.557009221323189863e+00 5.418609714077500528e-02
8.602466697033097631e+00 5.447481067016099465e-02
8.648165656892944142e+00 5.476502791221397881e-02
8.694107383741133788e+00 5.505679128829259888e-02
8.740293167230873905e+00 5.535010903536766169e-02
8.786724303866417785e+00 5.564498943429183053e-02
8.833402097039442680e+00 5.594144081003336183e-02
8.880327857065669406e+00 5.623943601059973318e-02
8.927502901221593845e+00 5.653901859380771472e-02
8.974928553781500895e+00 5.684019701538007424e-02
9.022606146054625853e+00 5.714294368565692867e-02
9.070537016422544951e+00 5.744733913981055207e-02
9.118722510376715107e+00 5.775331959480080324e-02
9.167163980556262359e+00 5.806092977531560062e-02
9.215884007118647858e+00 5.837031276406313279e-02
9.264841629176013171e+00 5.868117213911031027e-02
9.314059329241699103e+00 5.899368702944961240e-02
9.363538488930403858e+00 5.930790370580606846e-02
9.413280497196408803e+00 5.962371866924205677e-02
9.463286750372525091e+00 5.994125319294661691e-02
9.513558652209324507e+00 6.026044072671282031e-02
9.564097613914524842e+00 6.058136618274285318e-02
9.614905054192647071e+00 6.090396230211399947e-02
9.665982399284771986e+00 6.122827623788865831e-02
9.717331083008632575e+00 6.155427826802085250e-02
9.768952546798828962e+00 6.188205512066018849e-02
9.820848239747338226e+00 6.221153809343308444e-02
9.873019618644130801e+00 6.254277534653887582e-02
9.925468148018106618e+00 6.287577622031992330e-02
9.978195300178185789e+00 6.321051019206798405e-02
1.003120255525467641e+01 6.354706631538506456e-02
1.008449140124076848e+01 6.388537404075708692e-02
1.013806333403433158e+01 6.422548281842754836e-02
1.019191985747992746e+01 6.456740223663311184e-02
1.024606248341097903e+01 6.491110095040483752e-02
1.030049273169226431e+01 6.525667040111907125e-02
1.035521213026251885e+01 6.560403814242847520e-02
1.041022221517739332e+01 6.595325494914575093e-02
1.046552453065251242e+01 6.630433066394898767e-02
1.052112062910687662e+01 6.665727518190939227e-02
1.057701207120638998e+01 6.701205614272148781e-02
1.063320042590772019e+01 6.736872540562184597e-02
1.068968727050229539e+01 6.772733577970670160e-02
1.074647419066062426e+01 6.808781207846492656e-02
1.080356278047676533e+01 6.845016377806936725e-02
1.086095464251311782e+01 6.881448728914027479e-02
1.091865138784536882e+01 6.918070621720490143e-02
1.097665463610775305e+01 6.954891800013106307e-02
1.103499142451599369e+01 6.991920642456707358e-02
1.109361270698334678e+01 7.029130445953704620e-02
1.115254540380762727e+01 7.066533811996689174e-02
1.121179116931806696e+01 7.104140692764410181e-02
1.127135166663222243e+01 7.141943201719506973e-02
1.133122856770262921e+01 7.179951397079083197e-02
1.139142355336376333e+01 7.218157308311264064e-02
1.145193831337920010e+01 7.256566520025983791e-02
1.151277454648907828e+01 7.295175508908632867e-02
1.157393396045774558e+01 7.333994548266664637e-02
1.163541827212175050e+01 7.373015496495390064e-02
1.169722920743797268e+01 7.412248736360781132e-02
1.175936850153214408e+01 7.451686039545690754e-02
1.182183789874749458e+01 7.491333170705703759e-02
1.188463915269374560e+01 7.531186492381820863e-02
1.194777402629635432e+01 7.571256609367893464e-02
1.201124429184595677e+01 7.611535116738216145e-02
1.207505173104816798e+01 7.652032732275609872e-02
1.213919813507355272e+01 7.692740961535968203e-02
1.220368530460795142e+01 7.733665755020809052e-02
1.226851504990296959e+01 7.774808264830530835e-02
1.233368919082686688e+01 7.816164715718916522e-02
1.239920955691557047e+01 7.857746112820281070e-02
1.246507798742409712e+01 7.899543733282221591e-02
1.253129633137812604e+01 7.941568699491975691e-02
1.259786644762595920e+01 7.983812195691109004e-02
1.266479020489065199e+01 8.026280396852958354e-02
1.273206948182251352e+01 8.068969405416187568e-02
1.279970616705180042e+01 8.111890581606079342e-02
1.286770215924178551e+01 8.155040067521936165e-02
1.293605936714199345e+01 8.198413903181124562e-02
1.300477970964185381e+01 8.242018428932181007e-02
1.307386511582449096e+01 8.285854871732366289e-02
1.314334778866279230e+01 8.329943645446664935e-02
1.321316931127623029e+01 8.374247731368374137e-02
1.328336174738129394e+01 8.418787455047005430e-02
1.335392706738502078e+01 8.463558728183817603e-02
1.342486725216182286e+01 8.508568095535244680e-02
1.349618429310916490e+01 8.553822221761699096e-02
1.356788019220339514e+01 8.599311611514356968e-02
1.363995696205601149e+01 8.645042914430593750e-02
1.371241662597009281e+01 8.691017417006251244e-02
1.378526121799716364e+01 8.737230898474294960e-02
1.385849278299422593e+01 8.783695657966474057e-02
1.393211337668121885e+01 8.830401944799932956e-02
1.400612506569867755e+01 8.877362189141135840e-02
1.408052992766579870e+01 8.924566536448903797e-02
1.415533005123869970e+01 8.972021887188440237e-02
1.423052753616911836e+01 9.019729576039058061e-02
1.430612449336329028e+01 9.067690944777036244e-02
1.438212304494127203e+01 9.115907342313396555e-02
1.445852532429643489e+01 9.164374341321664119e-02
1.453533347615543825e+01 9.213104841193316130e-02
1.461254965663835748e+01 9.262088614602008441e-02
1.469017603331926658e+01 9.311332822296936040e-02
1.476821478528704290e+01 9.360838848940104817e-02
1.484666810320658037e+01 9.410608086555422025e-02
1.492553818938023369e+01 9.460641934567798339e-02
1.500482725780969950e+01 9.510941799842545508e-02
1.508453753425809829e+01 9.561503062909879058e-02
1.516467125631253055e+01 9.612339181211287942e-02
1.524523067344681593e+01 9.663439484147308411e-02
1.532621804708470137e+01 9.714811442043924661e-02
1.540763565066329299e+01 9.766456499048722928e-02
1.548948576969691793e+01 9.818376106986556606e-02
1.557177070184123657e+01 9.870571725400316410e-02
1.565452880280095194e+01 9.923067670273383323e-02
1.573769049450862312e+01 9.975819840811522843e-02
1.582129396680609368e+01 1.002884611930215386e-01
1.590534156656831222e+01 1.008216061999246821e-01
1.598983565313752031e+01 1.013575215062751389e-01
1.607477859838954259e+01 1.018962854591026895e-01
1.616017278680031666e+01 1.024379778410131198e-01
1.624602061551286525e+01 1.029824849364166794e-01
1.633232449440457046e+01 1.035298863477528281e-01
1.641908684615483693e+01 1.040801317833438128e-01
1.650631010631307305e+01 1.046333677134377305e-01
1.659399672336709486e+01 1.051895443573847150e-01
1.668214915881182847e+01 1.057486106178846391e-01
1.677076988721843875e+01 1.063107153120322612e-01
1.685986139630374936e+01 1.068757404222988316e-01
1.694942618700014236e+01 1.074437685534888609e-01
1.703946677352568528e+01 1.080148156661895620e-01
1.712998568345476258e+01 1.085888978058162646e-01
1.722098545778903755e+01 1.091660311030633046e-01
1.731246865102871979e+01 1.097462317743567867e-01
1.740443783124434418e+01 1.103294465045595724e-01
1.749689558014881285e+01 1.109158305486031004e-01
1.758984449316990251e+01 1.115052607735907558e-01
1.768328717952306661e+01 1.120978940884326119e-01
1.777722626228476344e+01 1.126936060485907304e-01
1.787166437846600431e+01 1.132924837479167696e-01
1.796660417908644902e+01 1.138945440098152601e-01
1.806204832924876058e+01 1.144998037470935370e-01
1.815799950821348929e+01 1.151082799624374570e-01
1.825446040947420201e+01 1.157199897488883356e-01
1.835143374083316914e+01 1.163349502903238547e-01
1.844892222447732166e+01 1.169531050662512978e-01
1.854692859705471264e+01 1.175746186430233348e-01
1.864545560975127714e+01 1.181993604923635699e-01
1.874454918923798274e+01 1.188277705445168753e-01
1.884412602355290645e+01 1.194591711131416795e-01
1.894423184076476829e+01 1.200939266774337238e-01
1.904486945099411344e+01 1.207320550644206264e-01
1.914604167928966305e+01 1.213735741958549830e-01
1.924775136570771750e+01 1.220185020887183391e-01
1.935000136539179039e+01 1.226668568557264805e-01
1.945279454865283952e+01 1.233186567058388444e-01
1.955613380104976784e+01 1.239738417202340820e-01
1.966002202347048211e+01 1.246325863354125763e-01
1.976446213221327142e+01 1.252947521831042910e-01
1.986945705906875048e+01 1.259605155580886537e-01
1.997500975140205526e+01 1.266297366181161899e-01
2.008112317223568510e+01 1.273025132115489788e-01
2.018780030033259010e+01 1.279788642287332523e-01
2.029504413027986232e+01 1.286588086603787373e-01
2.040285767257273264e+01 1.293423655980917297e-01
2.051124395369915021e+01 1.300295542349110822e-01
2.062020601622466032e+01 1.307203938658471343e-01
2.072974691887789689e+01 1.314149038884236120e-01
2.083986973663636633e+01 1.321130204437430955e-01
2.095057756081285305e+01 1.328149294121194202e-01
2.106187349914208795e+01 1.335204833354013132e-01
2.117376067586810962e+01 1.342298700740680584e-01
2.128624223183186004e+01 1.349429405991330877e-01
2.139932132455943403e+01 1.356597991750503607e-01
2.151300112835063771e+01 1.363804659251156848e-01
2.162728483436819715e+01 1.371050475886657904e-01
2.174217565072721214e+01 1.378333919446513012e-01
2.185767680258534185e+01 1.385655180600888214e-01
2.197379153223323200e+01 1.393016208862667971e-01
2.209052309918561718e+01 1.400416341179936686e-01
2.220787478027274275e+01 1.407855785285513639e-01
2.232590127696069970e+01 1.415337115912157218e-01
2.244450335962180887e+01 1.422855823781208617e-01
2.256373549317478222e+01 1.430413570799099754e-01
2.268360102464457029e+01 1.438012369452686678e-01
2.280410331883649633e+01 1.445650623107383181e-01
2.292524575843082246e+01 1.453330365688606240e-01
2.304703174407760358e+01 1.461049983552944187e-01
2.316946469449224111e+01 1.468810605514167811e-01
2.329254804655137079e+01 1.476612449372686764e-01
2.341628525538941830e+01 1.484455734085797785e-01
2.354067979449550663e+01 1.492340679773823398e-01
2.366573515581104914e+01 1.500267507726298077e-01
2.379145484982768366e+01 1.508235488749976316e-01
2.391784240568591713e+01 1.516246744752356712e-01
2.404490137127409000e+01 1.524300553938439939e-01
2.417263531332805826e+01 1.532396175431468832e-01
2.430104781753126986e+01 1.540535765135013779e-01
2.443014248861540239e+01 1.548717612483387907e-01
2.455992295046163676e+01 1.556943896346221212e-01
2.469039284620227548e+01 1.565212887935008568e-01
2.482155583832311052e+01 1.573525796467852844e-01
2.495341560876614295e+01 1.581882855189379877e-01
2.508597585903303440e+01 1.590284298582990419e-01
2.521924031028892443e+01 1.598731371147045222e-01
2.535321270346696920e+01 1.607222297681930034e-01
2.548789679937327790e+01 1.615757300350286196e-01
2.562329637879256694e+01 1.624338652272652450e-01
2.575941524259420135e+01 1.632965580097164582e-01
2.589625721183898577e+01 1.641638325879243576e-01
2.603382612788633210e+01 1.650356091606827724e-01
2.617212585250219092e+01 1.659121199087398579e-01
2.631116026796734886e+01 1.667932858403147200e-01
2.645093327718652887e+01 1.676790258755381513e-01
2.659151003294194737e+01 1.685699640612269012e-01
2.673277234669521008e+01 1.694651389777959982e-01
2.687478508948625233e+01 1.703650676358326732e-01
2.701755224782586851e+01 1.712697752796267514e-01
2.716107782940246551e+01 1.721793959318368150e-01
2.730536586319447778e+01 1.730937383941086316e-01
2.745042039958358160e+01 1.740129363852690458e-01
2.759624551046826468e+01 1.749370156901400020e-01
2.774284528937825556e+01 1.758660022304715798e-01
2.789022385158932948e+01 1.767999220656685799e-01
2.803838533423892798e+01 1.777388013935219946e-01
2.818733389644217979e+01 1.786825538016077741e-01
2.833707371940878517e+01 1.796314306664093530e-01
2.848760900656026962e+01 1.805853464517421236e-01
2.863894398364807259e+01 1.815442133605359998e-01
2.879108289887208372e+01 1.825082867965924782e-01
2.894403002299999628e+01 1.834773640769978842e-01
2.909778964948708335e+01 1.844517033262088324e-01
2.925236609459684090e+01 1.854310997020425233e-01
2.940776369752202513e+01 1.864158140785921181e-01
2.956398682050658877e+01 1.874056394314021212e-01
2.972103984896800810e+01 1.884007205293330156e-01
2.987892719162050881e+01 1.894010852791772059e-01
3.003765328059871109e+01 1.904067617359052889e-01
3.019722257158217005e+01 1.914177781034536452e-01
3.035763954392031039e+01 1.924341627355146411e-01
3.051890870075832396e+01 1.934559441363325194e-01
3.068103456916342253e+01 1.944831509615020937e-01
3.084402170025207468e+01 1.955158120187730775e-01
3.100787466931760150e+01 1.965539562688572162e-01
3.117259807595878840e+01 1.975976128262414144e-01
3.133819654420881662e+01 1.986468109600031950e-01
3.150467472266523572e+01 1.997014540759337320e-01
3.167203728462031975e+01 2.007618231227072947e-01
3.184036224325143039e+01 2.018281598501344698e-01
3.200950808098880884e+01 2.028998212152546832e-01
3.217955247365484439e+01 2.039770441375955701e-01
3.235050019465082727e+01 2.050601155838331913e-01
3.252235604273581515e+01 2.061488078009686697e-01
3.269512484216140535e+01 2.072432800320147817e-01
3.286881144280700795e+01 2.083436944390799905e-01
3.304342072031622735e+01 2.094498196198937290e-01
3.321895757623346412e+01 2.105618173685437633e-01
3.339542693814173902e+01 2.116797188632742188e-01
3.357283375980082241e+01 2.128035554478581448e-01
3.375118302128647940e+01 2.139333586324772829e-01
3.393047972913008437e+01 2.150691600946045279e-01
3.411072891645932970e+01 2.162109916798931331e-01
3.429193564313938936e+01 2.173588854030687467e-01
3.447410499591504163e+01 2.185128734488276658e-01
3.465724208855338162e+01 2.196729881727386424e-01
3.484135206198742907e+01 2.208392621021506297e-01
3.502644008446045376e+01 2.220115878313441427e-01
3.521251135167096891e+01 2.231902777012042260e-01
3.539957108691874055e+01 2.243752253944822639e-01
3.558762454125120911e+01 2.255663217842960311e-01
3.577667699361108333e+01 2.267638842154370282e-01
3.596673375098438896e+01 2.279676607999943094e-01
3.615780014854954771e+01 2.291779722631474003e-01
3.634988154982704600e+01 2.303945640334281730e-01
3.654298334683010552e+01 2.316177602524122914e-01
3.673711096021592226e+01 2.328473036364844262e-01
3.693226983943797848e+01 2.340833740509290217e-01
3.712846546289884486e+01 2.353260061444650830e-01
3.732570333810412677e+01 2.365753840525579299e-01
3.752398900181696462e+01 2.378312449802841289e-01
3.772332802021353615e+01 2.390937726449791634e-01
3.792381331174586734e+01 2.403635558938972683e-01
3.812527632035753555e+01 2.416395263294788820e-01
3.832780956269032657e+01 2.429222702532843059e-01
3.853141872415625357e+01 2.442118236223525252e-01
3.873610952037007138e+01 2.455082225846008381e-01
3.894188769730956778e+01 2.468115034798369911e-01
3.914875903147702729e+01 2.481217028407788627e-01
3.935672933006121355e+01 2.494388573940776732e-01
3.956580443110055256e+01 2.507628457981304071e-01
3.977599020364684179e+01 2.520940208562418849e-01
3.998729254793018839e+01 2.534322624561229365e-01
4.019971739552445911e+01 2.547774473116157234e-01
4.041327070951395228e+01 2.561299338780947954e-01
4.062795848466062409e+01 2.574896001184069361e-01
4.084378674757255823e+01 2.588563207706785496e-01
4.106076155687294715e+01 2.602304600329011786e-01
4.127888900337033817e+01 2.616117287966561178e-01
4.149817521022945499e+01 2.630004951393586365e-01
4.171862633314326274e+01 2.643964668724447797e-01
4.194024856050556593e+01 2.657998482330831136e-01
4.216304811358491378e+01 2.672108472027311943e-01
4.238703124669907396e+01 2.686291669109552860e-01
4.261220424739078538e+01 2.700550148666561179e-01
4.283857343660402961e+01 2.714884310287155600e-01
4.306614516886171629e+01 2.729296278326929781e-01
4.329492583244383752e+01 2.743783020487495783e-01
4.352492184956700783e+01 2.758346656297585575e-01
4.375613967656452985e+01 2.772987593897904279e-01
4.398858580406785279e+01 2.787706243595513000e-01
4.422226675718854949e+01 2.802503017875320745e-01
4.445718909570171462e+01 2.817378331411649062e-01
4.469335941422988867e+01 2.832332601079848300e-01
4.493078434242838881e+01 2.847366245967987708e-01
4.516957455184049053e+01 2.862486278499235537e-01
4.540952928192309201e+01 2.877678158604660141e-01
4.565075872563895842e+01 2.892952491505956791e-01
4.589326965466054986e+01 2.908307898477852094e-01
4.613706887663361300e+01 2.923744809850128412e-01
4.638216323536815366e+01 2.939261802950162150e-01
4.662855961103066704e+01 2.954863013405319982e-01
4.687626492033713532e+01 2.970547032951167399e-01
4.712528611674738244e+01 2.986312416115279866e-01
4.737563019066004699e+01 3.002163364778804855e-01
4.762730416960902602e+01 3.018098448108287868e-01
4.788031511846053689e+01 3.034116197466097398e-01
4.813467013961167851e+01 3.050220882048579885e-01
4.839037637318953955e+01 3.066409112476494170e-01
4.864744099725189841e+01 3.082683257523298748e-01
4.890587122798847020e+01 3.099045729391832760e-01
4.916567431992370985e+01 3.115493084392442213e-01
4.942685756612028314e+01 3.132027729243738179e-01
4.968942829838382380e+01 3.148652114789500245e-01
4.995339388746890563e+01 3.165362742159398279e-01
5.021876174328566833e+01 3.182162056625039703e-01
5.048553931510813442e+01 3.199050528868561116e-01
5.075373409178303774e+01 3.216030662219469538e-01
5.102335360194030045e+01 3.233098882855235390e-01
5.129440541420413524e+01 3.250257688413745183e-01
5.156689713740573922e+01 3.267507559649318050e-01
5.184083642079664855e+01 3.284848979867729390e-01
5.211623095426371322e+01 3.302282434939774469e-01
5.239308846854471113e+01 3.319808413314863094e-01
5.267141673544561797e+01 3.337427406034718658e-01
5.295122356805850217e+01 3.355139906747120482e-01
5.323251682098113235e+01 3.372946411719753845e-01
5.351530439053718879e+01 3.390847419854095546e-01
5.379959421499819427e+01 3.408843432699409925e-01
5.408551881117209348e+01 3.426942845285209649e-01
5.437283779073913337e+01 3.445128249826580058e-01
5.466168309746057474e+01 3.463412343336227939e-01
5.495206283965758587e+01 3.481793474675893840e-01
5.524398516872534515e+01 3.500272158846878257e-01
5.553745827936169377e+01 3.518846692085363381e-01
5.583249040979730182e+01 3.537522026068976588e-01
5.612908984202676521e+01 3.556296474282536479e-01
5.642726490204132261e+01 3.575168305656648005e-01
5.672702396006231851e+01 3.594142551195045887e-01
5.702837543077642124e+01 3.613215216218218506e-01
5.733132777357158716e+01 3.632391385318616273e-01
5.763588949277479401e+01 3.651669326691848738e-01
5.794206913789049906e+01 3.671047262783155851e-01
5.824987530384085943e+01 3.690528029645396835e-01
5.855931663120684760e+01 3.710114515331389140e-01
5.887040180647095866e+01 3.729802596115062707e-01
5.918313956226083405e+01 3.749597520804267559e-01
5.949753867759466885e+01 3.769495121737575505e-01
5.981360797812740770e+01 3.789498311087218796e-01
6.013135633639868871e+01 3.809610054421272429e-01
6.045079267208171814e+01 3.829826117295841437e-01
6.077192595223387883e+01 3.850149458531901270e-01
6.109476519154821261e+01 3.870583091201699188e-01
6.141931945260671455e+01 3.891122713008774991e-01
6.174559784613447988e+01 3.911771330170071836e-01
6.207360953125574099e+01 3.932529521078595436e-01
6.240336371575067886e+01 3.953397867196626336e-01
6.273486965631418144e+01 3.974376953072029650e-01
6.306813665881541908e+01 3.995469889080077164e-01
6.340317407855935983e+01 4.016672233939556080e-01
6.373999132054909467e+01 4.037987090948800817e-01
6.407859783975015944e+01 4.059415057162963358e-01
6.441915147176273138e+01 4.080966129566463430e-01
6.476136589943719457e+01 4.102622167910802142e-01
6.510539827584017303e+01 4.124393125967372176e-01
6.545125825847672729e+01 4.146279613567233069e-01
6.579895555615564717e+01 4.168282243777569618e-01
6.614849992926178857e+01 4.190398986978851048e-01
6.649990119003035716e+01 4.212635740586042621e-01
6.685316920282201636e+01 4.234990495519455611e-01
6.720831388440011267e+01 4.257463877962981424e-01
6.756534520420873946e+01 4.280056517423394546e-01
6.792427318465293240e+01 4.302769046748008419e-01
6.828510790137966069e+01 4.325599370738060223e-01
6.864785948356102097e+01 4.348553577273759907e-01
6.901253811417821282e+01 4.371629592359388972e-01
6.937915403030775963e+01 4.394828062382167277e-01
6.974771752340851094e+01 4.418146847250704612e-01
7.011823893961093290e+01 4.441592165227175593e-01
7.049072868000716596e+01 4.465161897877226171e-01
7.086519720094320007e+01 4.488853870809776936e-01
7.124165501431242831e+01 4.512674401902594945e-01
7.162011268785056473e+01 4.536618473963980880e-01
7.200058084543253756e+01 4.560692472166959499e-01
7.238307016737043398e+01 4.584891325864384193e-01
7.276759139071357652e+01 4.609221488241334042e-01
7.315415530954970791e+01 4.633677834625674619e-01
7.354277277530819390e+01 4.658266886938974838e-01
7.393345469706444817e+01 4.682983465908504561e-01
7.432621204184637520e+01 4.707834162924476318e-01
7.472105583494197845e+01 4.732813743531825157e-01
7.511799716020915696e+01 4.757928869329351995e-01
7.551704716038652521e+01 4.783174250091721813e-01
7.591821703740653504e+01 4.808553581645477193e-01
7.632151805270956402e+01 4.834070627586850577e-01
7.672713819812167912e+01 4.859731202850519072e-01
7.713473645245574062e+01 4.885516741973228716e-01
7.754449999459846765e+01 4.911442199717882540e-01
7.795644032722746886e+01 4.937502114944700704e-01
7.837056901412603338e+01 4.963700302838010558e-01
7.878689768050794839e+01 4.990037497064930272e-01
7.920543801334359557e+01 5.016517603402883552e-01
7.962620176168830710e+01 5.043135043720740063e-01
8.004920073701184435e+01 5.069893714902438120e-01
8.047444681353033502e+01 5.096794366311110380e-01
8.090195192853923345e+01 5.123837751285948983e-01
8.133172808274875365e+01 5.151024627163329761e-01
8.176378734062042497e+01 5.178355755297993079e-01
8.219814183070612046e+01 5.205835189010070696e-01
8.263480374598807998e+01 5.233457139370265576e-01
8.307378534422170446e+01 5.261225650468834836e-01
8.351509894827911751e+01 5.289141499948875058e-01
8.395875694649555498e+01 5.317205469579621147e-01
8.440477179301676358e+01 5.345418345278315497e-01
8.485315600814890047e+01 5.373780917132232604e-01
8.530392217870966931e+01 5.402293979420795811e-01
8.575708295838204265e+01 5.430958330637831732e-01
8.621265106806907852e+01 5.459774773513917934e-01
8.667063929625139451e+01 5.488744115038873828e-01
8.713106049934575026e+01 5.517863681241927942e-01
8.759392760206637263e+01 5.547141239669450830e-01
8.805925359778736095e+01 5.576574143398952410e-01
8.852705154890784911e+01 5.606163216683872630e-01
8.899733458721823354e+01 5.635909288151084162e-01
8.947011591426924326e+01 5.665813190824106060e-01
8.994540880174216113e+01 5.695872164330068044e-01
9.042322659182171662e+01 5.726094227075874121e-01
9.090358269757020082e+01 5.756476646610249048e-01
9.138649060330452301e+01 5.787020273777265800e-01
9.187217540823219508e+01 5.817739359760010220e-01
9.236022877758335881e+01 5.848604349475083897e-01
9.285087483716178269e+01 5.879636801698524540e-01
9.334412736013860012e+01 5.910833910591151152e-01
9.384000019285244321e+01 5.942192796211918093e-01
9.433850725519779701e+01 5.973721824115085788e-01
9.483966254101609650e+01 6.005418143489712479e-01
9.534348011848823035e+01 6.037278828235634887e-01
9.584997413052974480e+01 6.069312377920309531e-01
9.635915879518756810e+01 6.101512041673851083e-01
9.687104840603947764e+01 6.133886409596227551e-01
9.738565733259494550e+01 6.166432554315859349e-01
9.790300002069892571e+01 6.199147471150641131e-01
9.842309099293693464e+01 6.232039887810855161e-01
9.894594484904315834e+01 6.265102872167448433e-01
9.947157626630992411e+01 6.298345244893261974e-01
1.000000000000000000e+02 6.331760000000000721e-01
